diameter,weight,red,green,blue
0.5433654558932542,0.5251502145922747,0.46753246753246747,0.5411764705882354,0.18518518518518517
0.40770941438102304,0.37585121602288984,0.4155844155844155,0.7529411764705882,0.12962962962962962
0.6345441067457377,0.6397138769670959,0.6753246753246753,0.4941176470588235,0.4074074074074074
0.5048183839881394,0.49281831187410585,0.5844155844155845,0.6235294117647059,0.0
0.37879911045218684,0.343175965665236,0.5584415584415583,0.588235294117647,0.0
0.5389177168272795,0.5267525035765378,0.5714285714285714,0.611764705882353,0.3148148148148148
0.22979985174203113,0.17384835479256078,0.5194805194805194,0.6705882352941175,0.2962962962962963
0.7012601927353597,0.7142775393419171,0.6233766233766234,0.4470588235294118,0.037037037037037035
0.5833951074870275,0.5709298998569384,0.6103896103896103,0.6235294117647059,0.018518518518518517
0.4840622683469237,0.4673533619456366,0.5324675324675325,0.411764705882353,0.0
0.5300222386953299,0.5098712446351931,0.6103896103896103,0.4941176470588235,0.07407407407407407
0.32839140103780573,0.2837768240343347,0.5844155844155845,0.5058823529411764,0.018518518518518517
0.6945885841363975,0.7072961373390559,0.3896103896103895,0.34117647058823525,0.4074074074074074
0.3387694588584137,0.29648068669527894,0.7402597402597404,0.38823529411764707,0.0
0.5782060785767236,0.5669241773962804,0.5064935064935063,0.5764705882352941,0.3148148148148148
0.6938472942920683,0.7054077253218883,0.35064935064935066,0.5529411764705883,0.0
0.5055596738324685,0.4939055793991416,0.5324675324675325,0.611764705882353,0.25925925925925924
0.33580429948109713,0.2931044349070099,0.6233766233766234,0.6352941176470588,0.07407407407407407
0.3528539659006672,0.3106151645207438,0.37662337662337664,0.5176470588235293,0.018518518518518517
0.4114158636026687,0.3790557939914163,0.48051948051948057,0.8470588235294116,0.07407407407407407
0.4440326167531504,0.42020028612303284,0.5974025974025972,0.7647058823529411,0.07407407407407407
0.41289844329132686,0.3807725321888412,0.3246753246753247,0.6000000000000001,0.0
0.23869532987398076,0.18626609442060083,0.2987012987012987,0.5647058823529412,0.14814814814814814
0.8554484803558193,0.8932188841201717,0.2857142857142856,0.08235294117647057,0.2962962962962963
0.33432171979243885,0.2922460658082976,0.2987012987012987,0.588235294117647,0.14814814814814814
0.4440326167531504,0.4199713876967096,0.48051948051948057,0.5529411764705883,0.0
0.49962935507783546,0.48577968526466375,0.4415584415584415,0.6000000000000001,0.018518518518518517
0.36990363232023726,0.3316738197424892,0.4545454545454546,0.6941176470588235,0.09259259259259259
0.5218680504077094,0.5115879828326179,0.6883116883116884,0.5411764705882354,0.0
0.78650852483321,0.8203719599427753,0.6363636363636365,0.6000000000000001,0.37037037037037035
0.5878428465530023,0.5820314735336195,0.6883116883116884,0.776470588235294,0.6111111111111112
0.46256486286137877,0.4408011444921315,0.33766233766233755,0.6823529411764706,0.0
0.5997034840622685,0.5959370529327611,0.2987012987012987,0.4823529411764706,0.2037037037037037
0.3899184581171239,0.3552503576537911,0.5844155844155845,0.31764705882352945,0.0
0.6464047442550038,0.6533333333333334,0.4155844155844155,0.4588235294117647,0.24074074074074076
0.45811712379540415,0.4362231759656653,0.4545454545454546,0.6352941176470588,0.0
0.4885100074128985,0.457453505007153,0.4025974025974026,0.1647058823529412,0.25925925925925924
0.6464047442550038,0.6536194563662373,0.3246753246753247,0.36470588235294116,0.27777777777777773
0.5715344699777614,0.5592560801144492,0.5714285714285714,0.2117647058823529,0.2037037037037037
0.7220163083765753,0.7411731044349069,0.5714285714285714,0.39999999999999997,0.018518518518518517
0.20014825796886584,0.14374821173104424,0.6233766233766234,0.6470588235294117,0.018518518518518517
0.48702742772424024,0.455107296137339,0.2987012987012987,0.4588235294117647,0.3888888888888889
0.7138621200889549,0.7311587982832618,0.6623376623376622,0.5764705882352941,0.0
0.5159377316530764,0.5051788268955649,0.5194805194805194,0.5411764705882354,0.0
0.6604892512972572,0.6698140200286123,0.909090909090909,0.37647058823529417,0.0
0.6716085989621943,0.6818311874105866,0.4545454545454546,0.4823529411764706,0.2962962962962963
0.6767976278724982,0.687725321888412,0.5064935064935063,0.25882352941176473,0.0
0.35730170496664204,0.3162231759656653,0.3896103896103895,0.6705882352941175,0.25925925925925924
0.6545589325426242,0.664206008583691,0.4545454545454546,0.411764705882353,0.037037037037037035
0.6011860637509268,0.5986838340486408,0.46753246753246747,0.4352941176470589,0.3148148148148148
0.4166048925129726,0.3836337625178827,0.6103896103896103,0.5294117647058822,0.37037037037037035
0.5114899925871016,0.489728183118741,0.2987012987012987,0.6588235294117646,0.3333333333333333
0.267605633802817,0.21281831187410583,0.7142857142857142,0.611764705882353,0.037037037037037035
0.5478131949592291,0.5298998569384835,0.49350649350649345,0.4941176470588235,0.14814814814814814
0.3513713862120089,0.3092989985693848,0.6363636363636365,0.6941176470588235,0.2962962962962963
0.6056338028169016,0.6044062947067238,0.4415584415584415,0.4235294117647059,0.3518518518518518
0.5685693106004449,0.5545064377682404,0.46753246753246747,0.38823529411764707,0.12962962962962962
0.3973313565604152,0.36148783977110155,0.7142857142857142,0.6352941176470588,0.18518518518518517
0.3261675315048185,0.28183118741058644,0.35064935064935066,0.411764705882353,0.16666666666666666
0.5085248332097851,0.4969384835479256,0.5844155844155845,0.611764705882353,0.0
0.5263157894736843,0.5062660944206007,0.5584415584415583,0.38823529411764707,0.3333333333333333
0.6212008895478133,0.6248354792560801,0.2857142857142856,0.38823529411764707,0.537037037037037
0.5092661230541142,0.4862947067238913,0.5454545454545456,0.6352941176470588,0.2962962962962963
0.43587842846553004,0.4086409155937052,0.5324675324675325,0.9294117647058824,0.0
0.5967383246849519,0.5926752503576539,0.46753246753246747,0.5176470588235293,0.537037037037037
0.5715344699777614,0.5606866952789699,0.7402597402597404,0.4588235294117647,0.0
0.5174203113417346,0.5070672389127325,0.33766233766233755,0.5411764705882354,0.3148148148148148
0.3454410674573759,0.30306151645207435,0.33766233766233755,0.4941176470588235,0.37037037037037035
0.45589325426241656,0.43324749642346205,0.5454545454545456,0.6588235294117646,0.0
0.37805782060785775,0.3415736766809727,0.49350649350649345,0.4588235294117647,0.0
0.647887323943662,0.6560801144492131,0.6493506493506491,0.24705882352941183,0.0
0.7279466271312084,0.7479828326180257,0.3896103896103895,0.4470588235294118,0.24074074074074076
0.45144551519644194,0.4274105865522173,0.5584415584415583,0.7294117647058822,0.24074074074074076
0.17642698295033357,0.11547925608011445,0.753246753246753,0.5176470588235293,0.018518518518518517
0.4529280948851001,0.4294706723891273,0.5324675324675325,0.5411764705882354,0.1111111111111111
0.5819125277983693,0.5734477825464949,0.37662337662337664,0.38823529411764707,0.3888888888888889
0.3876945885841364,0.35301859799713864,0.5454545454545456,0.6941176470588235,0.0
0.7494440326167533,0.7716738197424894,0.1558441558441559,0.39999999999999997,0.14814814814814814
0.6397331356560416,0.6448640915593705,0.5454545454545456,0.6941176470588235,0.24074074074074076
0.3691623424759082,0.3312732474964235,0.7142857142857142,0.5294117647058822,0.0
0.5040770941438103,0.49098712446351933,0.6883116883116884,0.6235294117647059,0.0
0.6367679762787252,0.642403433476395,0.5194805194805194,0.23529411764705882,0.3518518518518518
0.46404744255003716,0.442346208869814,0.49350649350649345,0.611764705882353,0.3518518518518518
0.6819866567828021,0.6928755364806868,0.4285714285714286,0.34117647058823525,0.48148148148148145
0.6871756856931062,0.6999141630901288,0.5324675324675325,0.411764705882353,0.018518518518518517
0.5389177168272795,0.5217167381974249,0.4545454545454546,0.411764705882353,0.16666666666666666
0.5937731653076355,0.5884406294706724,0.4025974025974026,0.4352941176470589,0.7592592592592593
0.6338028169014085,0.6395994277539342,0.2987012987012987,0.4823529411764706,0.1111111111111111
0.30763528539659013,0.2647782546494992,0.8311688311688312,0.4705882352941177,0.0
0.6026686434395849,0.6000572246065808,0.4415584415584415,0.5176470588235293,0.4074074074074074
0.747961452928095,0.7700143061516452,0.5454545454545456,0.4352941176470589,0.48148148148148145
0.5033358042994811,0.479656652360515,0.23376623376623362,0.5764705882352941,0.2962962962962963
0.3595255744996294,0.3189699570815451,0.4285714285714286,0.5529411764705883,0.0
0.5915492957746479,0.5861516452074392,0.5324675324675325,0.6941176470588235,0.2962962962962963
0.530763528539659,0.5107296137339056,0.5974025974025972,0.4823529411764706,0.4444444444444444
0.4892512972572277,0.4735336194563662,0.5584415584415583,0.5294117647058822,0.0
0.6990363232023723,0.7114735336194563,0.3246753246753247,0.5647058823529412,0.48148148148148145
0.37138621200889554,0.33436337625178825,0.4415584415584415,0.4235294117647059,0.0
0.6071163825055598,0.6056080114449213,0.6363636363636365,0.4941176470588235,0.2962962962962963
0.4974054855448481,0.48331902718168807,0.4155844155844155,0.7058823529411764,0.05555555555555555
0.6182357301704968,0.6201430615164519,0.2727272727272727,0.4588235294117647,0.46296296296296297
0.6174944403261675,0.6190557939914162,0.5194805194805194,0.5176470588235293,0.2962962962962963
0.40622683469236476,0.37396280400572246,0.5974025974025972,0.37647058823529417,0.3148148148148148
0.45737583395107495,0.4356509298998569,0.5974025974025972,0.6000000000000001,0.037037037037037035
0.49221645663454416,0.46254649499284695,0.6233766233766234,0.8235294117647058,0.0
0.6871756856931062,0.6997424892703862,0.23376623376623362,0.35294117647058826,0.14814814814814814
0.6019273535952558,0.5994277539341916,0.6493506493506491,0.4941176470588235,0.3333333333333333
0.40696812453669384,0.3750500715307582,0.5454545454545456,0.5411764705882354,0.09259259259259259
0.7805782060785769,0.8121316165951359,0.31168831168831157,0.4235294117647059,0.24074074074074076
0.7234988880652337,0.7434048640915593,0.4285714285714286,0.411764705882353,0.24074074074074076
0.6508524833209786,0.6593419170243203,0.5714285714285714,0.29411764705882354,0.3518518518518518
0.4343958487768719,0.4066380543633762,0.6753246753246753,0.6823529411764706,0.09259259259259259
0.630096367679763,0.6342203147353361,0.5584415584415583,0.37647058823529417,0.3888888888888889
0.2883617494440326,0.2398283261802574,0.5194805194805194,0.7529411764705882,0.0
0.6204595997034842,0.6231759656652359,0.6363636363636365,0.5176470588235293,0.0
0.42920681986656783,0.4000572246065808,0.48051948051948057,0.5058823529411764,0.09259259259259259
0.6790214974054856,0.6903576537911301,0.3246753246753247,0.4823529411764706,0.018518518518518517
0.21275018532246112,0.16137339055793987,0.753246753246753,0.5176470588235293,0.18518518518518517
0.44255003706449225,0.4182546494992846,0.48051948051948057,0.6705882352941175,0.2037037037037037
0.6360266864343959,0.6412589413447781,0.753246753246753,0.411764705882353,0.24074074074074076
0.630096367679763,0.634620886981402,0.5714285714285714,0.38823529411764707,0.2037037037037037
0.40622683469236476,0.3741917024320458,0.5194805194805194,0.4823529411764706,0.07407407407407407
0.4329132690882136,0.40412017167381964,0.5584415584415583,0.6470588235294117,0.0
0.3795404002965159,0.3437482117310444,0.4285714285714286,0.4352941176470589,0.0
0.49369903632320233,0.4646065808297567,0.5194805194805194,0.5529411764705883,0.537037037037037
0.7613046701260194,0.7877539341917023,0.24675324675324672,0.4470588235294118,0.3148148148148148
0.40548554484803556,0.37310443490701006,0.5194805194805194,0.5058823529411764,0.0
0.44848035581912526,0.4239771101573676,0.5324675324675325,0.4352941176470589,0.0
0.597479614529281,0.5943919885550787,0.4285714285714286,0.34117647058823525,0.1111111111111111
0.469236471460341,0.4491559370529328,0.4415584415584415,0.7176470588235293,0.16666666666666666
0.6723498888065234,0.6829184549356223,0.4025974025974026,0.4941176470588235,0.24074074074074076
0.5285396590066717,0.5086123032904147,0.4415584415584415,0.35294117647058826,0.25925925925925924
0.6916234247590808,0.703805436337625,0.4025974025974026,0.36470588235294116,0.46296296296296297
0.5137138621200891,0.49178826895565086,0.3896103896103895,0.5411764705882354,0.05555555555555555
0.6604892512972572,0.6699856938483547,0.5714285714285714,0.36470588235294116,0.24074074074074076
0.5322461082283174,0.5203433476394849,0.5844155844155845,0.5058823529411764,0.09259259259259259
0.6271312083024463,0.6308440629470672,0.6233766233766234,0.35294117647058826,0.3888888888888889
0.35063009636767983,0.30838340486409155,0.5974025974025972,0.6235294117647059,0.09259259259259259
0.5878428465530023,0.5826037195994277,0.46753246753246747,0.32941176470588235,0.46296296296296297
0.38472942920681996,0.35044349070100134,0.5714285714285714,0.6588235294117646,0.1111111111111111
0.49962935507783546,0.486695278969957,0.6493506493506491,0.5764705882352941,0.0
0.6026686434395849,0.5946781115879828,0.5844155844155845,0.37647058823529417,0.2037037037037037
0.5040770941438103,0.49007153075822607,0.7272727272727273,0.5058823529411764,0.3518518518518518
0.3150481838398814,0.2708440629470672,0.3896103896103895,0.4352941176470589,0.05555555555555555
0.6538176426982951,0.6634048640915594,0.5324675324675325,0.4470588235294118,0.25925925925925924
0.40770941438102304,0.375793991416309,0.3896103896103895,0.6235294117647059,0.037037037037037035
0.3810229799851742,0.34512160228898414,0.49350649350649345,0.4235294117647059,0.0
0.3965900667160861,0.36091559370529336,0.5974025974025972,0.35294117647058826,0.14814814814814814
0.49444032616753164,0.4658655221745349,0.3246753246753247,0.35294117647058826,0.09259259259259259
0.4395848776871758,0.41316165951359085,0.48051948051948057,0.4588235294117647,0.27777777777777773
0.6263899184581172,0.6298140200286123,0.5584415584415583,0.5647058823529412,0.07407407407407407
0.20830244625648628,0.1575965665236051,0.6233766233766234,0.5294117647058822,0.0
0.6382505559673833,0.6436051502145922,0.5324675324675325,0.411764705882353,0.0
0.3810229799851742,0.3451788268955651,0.5064935064935063,0.5058823529411764,0.05555555555555555
0.613787991104522,0.6148783977110158,0.31168831168831157,0.5176470588235293,0.4074074074074074
0.3232023721275019,0.2802861230329041,0.5844155844155845,0.7176470588235293,0.3333333333333333
0.3113417346182358,0.26786838340486396,0.7012987012987011,0.5176470588235293,0.12962962962962962
0.8065233506300964,0.8456080114449213,0.35064935064935066,0.32941176470588235,0.49999999999999994
0.586360266864344,0.5750500715307582,0.6753246753246753,0.5411764705882354,0.24074074074074076
0.23054114158636033,0.17407725321888412,0.36363636363636354,0.5529411764705883,0.09259259259259259
0.6426982950333582,0.6486409155937053,0.2987012987012987,0.6470588235294117,0.3333333333333333
0.4988880652335064,0.48452074391988553,0.6623376623376622,0.411764705882353,0.018518518518518517
0.5871015567086733,0.5810586552217453,0.4545454545454546,0.36470588235294116,0.537037037037037
0.5426241660489252,0.5245779685264663,0.23376623376623362,0.4588235294117647,0.6851851851851851
0.5893254262416606,0.5803147353361945,0.5974025974025972,0.31764705882352945,0.037037037037037035
0.6041512231282432,0.6024606580829756,0.2727272727272727,0.5176470588235293,0.37037037037037035
0.4595997034840623,0.43731044349070103,0.48051948051948057,0.7294117647058822,0.05555555555555555
0.49221645663454416,0.4762804005722461,0.3896103896103895,0.5647058823529412,0.0
0.5544848035581913,0.5394563662374822,0.5714285714285714,0.37647058823529417,0.12962962962962962
0.44255003706449225,0.4182546494992846,0.31168831168831157,0.6000000000000001,0.0
0.3372868791697554,0.29487839771101565,0.6363636363636365,0.6352941176470588,0.2962962962962963
0.5352112676056339,0.5163948497854077,0.5324675324675325,0.4588235294117647,0.6481481481481481
0.3669384729429207,0.32972818311874097,0.48051948051948057,0.4352941176470589,0.07407407407407407
0.5174203113417346,0.5070100143061517,0.46753246753246747,0.6235294117647059,0.0
0.5344699777613048,0.5153648068669526,0.5194805194805194,0.588235294117647,0.0
0.39881393624907346,0.36389127324749637,0.3896103896103895,0.6941176470588235,0.0
0.4744255003706449,0.4543061516452074,0.5324675324675325,0.4941176470588235,0.2037037037037037
0.5663454410674574,0.5539914163090128,0.6493506493506491,0.6235294117647059,0.0
0.5100074128984433,0.4880114449213161,0.5584415584415583,0.4823529411764706,0.0
0.6775389177168274,0.6886409155937053,0.3246753246753247,0.588235294117647,0.0
0.4381022979985174,0.4116738197424892,0.5974025974025972,0.30588235294117644,0.0
0.6530763528539659,0.6622603719599428,0.46753246753246747,0.4823529411764706,0.2037037037037037
0.4455151964418088,0.4210014306151646,0.6753246753246753,0.5058823529411764,0.0
0.6975537435137139,0.7100429184549356,0.3896103896103895,0.35294117647058826,0.05555555555555555
0.39881393624907346,0.3641201716738196,0.6363636363636365,0.5176470588235293,0.0
0.7301704966641959,0.750958512160229,0.33766233766233755,0.5411764705882354,0.25925925925925924
0.5670867309117865,0.5547925608011445,0.7012987012987011,0.6470588235294117,0.05555555555555555
0.4010378057820607,0.3669814020028611,0.5974025974025972,0.5294117647058822,0.037037037037037035
0.43661971830985913,0.4093848354792561,0.49350649350649345,0.6588235294117646,0.0
0.32765011119347665,0.28309012875536466,0.31168831168831157,0.7176470588235293,0.2962962962962963
0.708673091178651,0.7245779685264663,0.2597402597402596,0.39999999999999997,0.49999999999999994
0.374351371386212,0.33739628040057223,0.5714285714285714,0.5411764705882354,0.0
0.36471460340993334,0.32618025751072954,0.7272727272727273,0.6000000000000001,0.018518518518518517
0.6123054114158637,0.6129327610872676,0.49350649350649345,0.4941176470588235,0.46296296296296297
0.6523350630096368,0.6615736766809729,0.5974025974025972,0.24705882352941183,0.3888888888888889
0.33580429948109713,0.2935050071530758,0.35064935064935066,0.4235294117647059,0.12962962962962962
0.6879169755374352,0.7004291845493561,0.36363636363636354,0.38823529411764707,0.12962962962962962
0.3595255744996294,0.3183404864091558,0.6493506493506491,0.6705882352941175,0.018518518518518517
0.7642698295033359,0.7906151645207439,0.7402597402597404,0.5294117647058822,0.09259259259259259
0.8013343217197926,0.8390271816881257,0.5454545454545456,0.1764705882352941,0.2962962962962963
0.6849518161601187,0.6958512160228899,0.3896103896103895,0.5058823529411764,0.27777777777777773
0.7057079318013344,0.7208011444921315,0.24675324675324672,0.5529411764705883,0.2962962962962963
0.6530763528539659,0.6625464949928469,0.36363636363636354,0.4235294117647059,0.4074074074074074
0.4306893995552261,0.40183118741058643,0.6233766233766234,0.6000000000000001,0.018518518518518517
0.6330615270570794,0.6381688125894135,0.49350649350649345,0.29411764705882354,0.5925925925925926
0.41289844329132686,0.3807725321888412,0.5974025974025972,0.34117647058823525,0.0
0.4477390659747962,0.4227181688125894,0.6103896103896103,0.5764705882352941,0.0
0.7620459599703485,0.7885550786838341,0.5584415584415583,0.35294117647058826,0.3888888888888889
0.6404744255003707,0.6463519313304721,0.35064935064935066,0.6352941176470588,0.3333333333333333
0.41215715344699777,0.38054363376251776,0.48051948051948057,0.5294117647058822,0.25925925925925924
0.5159377316530764,0.5050643776824034,0.6103896103896103,0.776470588235294,0.0
0.5848776871756858,0.5778540772532189,0.33766233766233755,0.39999999999999997,0.3888888888888889
0.5997034840622685,0.5958798283261802,0.5714285714285714,0.4470588235294118,0.1111111111111111
0.5648628613787992,0.5505007153075824,0.6363636363636365,0.23529411764705882,0.46296296296296297
0.7361008154188289,0.756623748211731,0.4545454545454546,0.5529411764705883,0.7037037037037037
0.6464047442550038,0.6530472103004291,0.46753246753246747,0.588235294117647,0.1111111111111111
0.41438102297998525,0.38128755364806854,0.5714285714285714,0.6235294117647059,0.07407407407407407
0.5426241660489252,0.5303576537911302,0.35064935064935066,0.611764705882353,0.0
0.3736100815418829,0.3365379113018597,0.5194805194805194,0.6588235294117646,0.25925925925925924
0.27798369162342484,0.2276394849785408,0.49350649350649345,0.5529411764705883,0.14814814814814814
0.6019273535952558,0.5992560801144492,0.5584415584415583,0.4235294117647059,0.25925925925925924
0.3951074870274277,0.3599427753934191,0.4545454545454546,0.6235294117647059,0.0
0.41512231282431433,0.3823748211731045,0.5324675324675325,0.6470588235294117,0.05555555555555555
0.3676797627872499,0.33030042918454927,0.6753246753246753,0.6235294117647059,0.16666666666666666
0.4477390659747962,0.4231759656652361,0.5064935064935063,0.5176470588235293,0.0
0.5952557449962936,0.591244635193133,0.48051948051948057,0.36470588235294116,0.4074074074074074
0.352112676056338,0.3101573676680973,0.2987012987012987,0.5411764705882354,0.2222222222222222
0.5248332097850259,0.5054077253218884,0.4545454545454546,0.588235294117647,0.3148148148148148
0.5211267605633804,0.5014020028612303,0.09090909090909083,0.5647058823529412,0.1111111111111111
0.4974054855448481,0.4723891273247496,0.6363636363636365,0.5529411764705883,0.3888888888888889
0.3387694588584137,0.29676680972818315,0.3896103896103895,0.5529411764705883,0.3888888888888889
0.5908080059303188,0.5857510729613734,0.5324675324675325,0.5058823529411764,0.49999999999999994
0.4047442550037065,0.3720743919885551,0.6753246753246753,0.7411764705882353,0.0
0.7361008154188289,0.7571959942775394,0.35064935064935066,0.31764705882352945,0.46296296296296297
0.496664195700519,0.48291845493562235,0.4415584415584415,0.7882352941176469,0.037037037037037035
0.8606375092661231,0.8974535050071532,0.7922077922077924,0.37647058823529417,0.3333333333333333
0.48628613787991104,0.4703290414878397,0.48051948051948057,0.4470588235294118,0.018518518518518517
0.8102297998517423,0.8509298998569385,0.5064935064935063,0.5647058823529412,0.2962962962962963
0.6160118606375093,0.6180829756795422,0.6493506493506491,0.5529411764705883,0.4074074074074074
0.5352112676056339,0.525035765379113,0.7012987012987011,0.588235294117647,0.37037037037037035
0.6434395848776873,0.6491559370529326,0.3896103896103895,0.5176470588235293,0.48148148148148145
0.5700518902891032,0.5575393419170244,0.33766233766233755,0.611764705882353,0.12962962962962962
0.6123054114158637,0.6119599427753933,0.5584415584415583,0.4941176470588235,0.037037037037037035
0.6019273535952558,0.5993705293276109,0.48051948051948057,0.37647058823529417,0.18518518518518517
0.4336545589325427,0.4051502145922746,0.4025974025974026,0.6470588235294117,0.0
0.5737583395107487,0.5613161659513589,0.6363636363636365,0.4941176470588235,0.2222222222222222
0.39955522609340255,0.36549356223175955,0.6623376623376622,0.4941176470588235,0.2222222222222222
0.6701260192735361,0.6795994277539342,0.5324675324675325,0.4705882352941177,0.09259259259259259
0.6945885841363975,0.7072961373390559,0.5064935064935063,0.35294117647058826,0.37037037037037035
0.21497405485544854,0.1617739628040057,0.2987012987012987,0.4588235294117647,0.12962962962962962
0.6886582653817643,0.7007153075822604,0.49350649350649345,0.4470588235294118,0.5925925925925926
0.6286137879911046,0.6319885550786838,0.48051948051948057,0.28235294117647064,0.4259259259259259
0.535952557449963,0.5186266094420601,0.5064935064935063,0.4823529411764706,0.16666666666666666
0.452186805040771,0.4287267525035765,0.4155844155844155,0.6705882352941175,0.07407407407407407
0.7783543365455895,0.8104721030042917,0.5714285714285714,0.1882352941176471,0.4074074074074074
0.2883617494440326,0.23908440629470662,0.8441558441558443,0.8705882352941177,0.16666666666666666
0.8406226834692367,0.883376251788269,0.46753246753246747,0.5058823529411764,0.1111111111111111
0.6990363232023723,0.7110157367668096,0.7792207792207793,0.4352941176470589,0.4259259259259259
0.4477390659747962,0.4231759656652361,0.5324675324675325,0.6823529411764706,0.2037037037037037
0.6174944403261675,0.6195708154506437,0.4545454545454546,0.38823529411764707,0.4259259259259259
0.469236471460341,0.44892703862660943,0.6103896103896103,0.6470588235294117,0.0
0.45885841363973323,0.4369098712446352,0.4415584415584415,0.7176470588235293,0.14814814814814814
0.39140103780578206,0.3567954220314735,0.4545454545454546,0.6941176470588235,0.18518518518518517
0.44848035581912526,0.4239771101573676,0.5194805194805194,0.5529411764705883,0.14814814814814814
0.5589325426241661,0.5478111587982833,0.753246753246753,0.5176470588235293,0.09259259259259259
0.5900667160859897,0.5843776824034334,0.49350649350649345,0.5176470588235293,0.4074074074074074
0.3951074870274277,0.35965665236051503,0.7142857142857142,0.6235294117647059,0.0
0.6553002223869534,0.665865522174535,0.49350649350649345,0.4588235294117647,0.0
0.7227575982209046,0.742546494992847,0.2987012987012987,0.5411764705882354,0.1111111111111111
0.6997776130467014,0.7129613733905579,0.5454545454545456,0.4941176470588235,0.2222222222222222
0.686434395848777,0.6972818311874106,0.16883116883116878,0.4941176470588235,0.2222222222222222
0.6827279466271313,0.6933905579399141,0.4025974025974026,0.4470588235294118,0.0
0.5174203113417346,0.4966523605150215,0.2987012987012987,0.5647058823529412,0.3333333333333333
0.8280207561156414,0.8740486409155938,0.4415584415584415,0.30588235294117644,0.0
0.7472201630837658,0.7699570815450644,0.5974025974025972,0.4235294117647059,0.2962962962962963
0.6931060044477392,0.7052932761087266,0.1428571428571428,0.4470588235294118,0.3148148148148148
0.6048925129725723,0.6036051502145924,0.5194805194805194,0.411764705882353,0.14814814814814814
0.7353595255744998,0.755937052932761,0.33766233766233755,0.5294117647058822,0.24074074074074076
0.352112676056338,0.30992846924177386,0.5714285714285714,0.5529411764705883,0.24074074074074076
0.6797627872498149,0.6904721030042916,0.5194805194805194,0.4470588235294118,0.037037037037037035
0.5441067457375836,0.5264091559370528,0.5454545454545456,0.588235294117647,0.24074074074074076
0.7716827279466272,0.8025178826895564,0.4545454545454546,0.5764705882352941,0.0
0.496664195700519,0.4694706723891273,0.6103896103896103,0.36470588235294116,0.0
0.29058561897702007,0.24389127324749638,0.4415584415584415,0.7058823529411764,0.0
0.7709414381022981,0.8018311874105865,0.35064935064935066,0.7058823529411764,0.18518518518518517
0.3810229799851742,0.3456366237482117,0.753246753246753,0.8823529411764706,0.25925925925925924
0.5715344699777614,0.5597711015736767,0.7142857142857142,0.5176470588235293,0.18518518518518517
0.7605633802816903,0.7872961373390558,0.4155844155844155,0.36470588235294116,0.3333333333333333
0.759080800593032,0.7846065808297568,0.4025974025974026,0.4352941176470589,0.49999999999999994
0.4343958487768719,0.4072103004291845,0.7402597402597404,0.6470588235294117,0.2222222222222222
0.6701260192735361,0.6791988555078682,0.4545454545454546,0.7647058823529411,0.25925925925925924
0.45589325426241656,0.43341917024320453,0.4155844155844155,0.5529411764705883,0.0
0.5767234988880653,0.5638340486409156,0.4285714285714286,0.5529411764705883,0.2037037037037037
0.37879911045218684,0.34271816881258943,0.7142857142857142,0.6705882352941175,0.09259259259259259
0.4232765011119348,0.39261802575107296,0.8181818181818181,0.6000000000000001,0.0
0.3224610822831727,0.27839771101573674,0.4415584415584415,0.5647058823529412,0.18518518518518517
0.7153446997776131,0.7335622317596565,0.7272727272727273,0.4941176470588235,0.27777777777777773
0.5596738324684952,0.5442632331902718,0.5324675324675325,0.4352941176470589,0.24074074074074076
0.44922164566345446,0.42477825464949925,0.6493506493506491,0.7411764705882353,0.14814814814814814
0.6508524833209786,0.659170243204578,0.46753246753246747,0.4235294117647059,0.07407407407407407
0.6975537435137139,0.7102718168812588,0.4155844155844155,0.4588235294117647,0.2037037037037037
0.7494440326167533,0.7719027181688126,0.5974025974025972,0.39999999999999997,0.2962962962962963
0.452186805040771,0.4052074391988554,0.4415584415584415,0.5058823529411764,0.3518518518518518
0.2661230541141587,0.2112732474964235,0.3896103896103895,0.8117647058823529,0.12962962962962962
0.5389177168272795,0.5214306151645206,0.6623376623376622,0.411764705882353,0.2962962962962963
0.5389177168272795,0.5210872675250356,0.6883116883116884,0.34117647058823525,0.574074074074074
0.5856189770200149,0.5787696709585121,0.46753246753246747,0.611764705882353,0.24074074074074076
0.6026686434395849,0.6002288984263232,0.7662337662337662,0.4470588235294118,0.14814814814814814
0.7605633802816903,0.7874678111587982,0.5974025974025972,0.5411764705882354,0.6111111111111112
0.4321719792438843,0.40371959942775393,0.4155844155844155,0.6470588235294117,0.07407407407407407
0.6019273535952558,0.5999427753934191,0.3246753246753247,0.4823529411764706,0.3148148148148148
0.41957005189028906,0.38792560801144493,0.48051948051948057,0.6470588235294117,0.16666666666666666
0.4173461823573017,0.3846638054363375,0.5584415584415583,0.8235294117647058,0.05555555555555555
0.5315048183839882,0.5191416309012874,0.6233766233766234,0.5529411764705883,0.05555555555555555
0.6871756856931062,0.6987696709585122,0.4415584415584415,0.4235294117647059,0.0
0.5240919199406968,0.5040343347639485,0.19480519480519476,0.4470588235294118,0.24074074074074076
0.5441067457375836,0.5321888412017167,0.6103896103896103,0.6470588235294117,0.0
0.3943661971830986,0.35919885550786834,0.7012987012987011,0.7647058823529411,0.05555555555555555
0.6664195700518903,0.6762231759656653,0.4025974025974026,0.411764705882353,0.24074074074074076
0.5181616011860638,0.5078111587982833,0.6883116883116884,0.588235294117647,0.2037037037037037
0.2883617494440326,0.23879828326180264,0.6753246753246753,0.6235294117647059,0.14814814814814814
0.32171979243884363,0.27793991416309016,0.6233766233766234,0.588235294117647,0.16666666666666666
0.39214232765011126,0.3574248927038626,0.6103896103896103,0.5764705882352941,0.0
0.41363973313565605,0.3812303290414878,0.4415584415584415,0.4470588235294118,0.09259259259259259
0.7272053372868792,0.7472389127324749,0.5584415584415583,0.31764705882352945,0.49999999999999994
0.34025203854707187,0.2980829756795421,0.7792207792207793,0.8352941176470587,0.0
0.40029651593773163,0.3662947067238913,0.4415584415584415,0.6470588235294117,0.0
0.6226834692364716,0.6267811158798283,0.24675324675324672,0.5529411764705883,0.0
0.43587842846553004,0.40824034334763937,0.6233766233766234,0.8470588235294116,0.2222222222222222
0.6716085989621943,0.6818884120171672,0.3246753246753247,0.5411764705882354,0.537037037037037
0.35656041512231285,0.31553648068669526,0.49350649350649345,0.6235294117647059,0.0
0.5774647887323945,0.566008583690987,0.3896103896103895,0.4470588235294118,0.4074074074074074
0.3150481838398814,0.2710157367668097,0.4155844155844155,0.7294117647058822,0.0
0.5589325426241661,0.5432904148783976,0.4285714285714286,0.5647058823529412,0.1111111111111111
0.3965900667160861,0.3612589413447781,0.6233766233766234,0.36470588235294116,0.3148148148148148
0.826538176426983,0.871874105865522,0.5324675324675325,0.4588235294117647,0.27777777777777773
0.4032616753150482,0.3694992846924178,0.3246753246753247,0.8823529411764706,0.0
0.659006671608599,0.6686695278969957,0.3896103896103895,0.6235294117647059,0.07407407407407407
0.6627131208302447,0.6721602288984262,0.5584415584415583,0.4352941176470589,0.4074074074074074
0.4314306893995552,0.3757367668097281,0.49350649350649345,0.4705882352941177,0.14814814814814814
0.6523350630096368,0.6619170243204578,0.4545454545454546,0.7647058823529411,0.49999999999999994
0.4032616753150482,0.36967095851216025,0.805194805194805,0.7176470588235293,0.2962962962962963
0.4759080800593033,0.4417739628040057,0.6753246753246753,0.6235294117647059,0.1111111111111111
0.5048183839881394,0.4924749642346208,0.48051948051948057,0.8705882352941177,0.3518518518518518
0.4551519644180875,0.4321602288984263,0.33766233766233755,0.6823529411764706,0.0
0.41215715344699777,0.3803719599427753,0.48051948051948057,0.38823529411764707,0.0
0.6352853965900668,0.6401716738197424,0.7272727272727273,0.8117647058823529,0.24074074074074076
0.3387694588584137,0.29676680972818315,0.7792207792207793,0.4823529411764706,0.16666666666666666
0.7472201630837658,0.7696137339055794,0.6883116883116884,0.36470588235294116,0.2037037037037037
0.6464047442550038,0.6535050071530758,0.49350649350649345,0.34117647058823525,0.4074074074074074
0.5700518902891032,0.5570815450643777,0.36363636363636354,0.39999999999999997,0.24074074074074076
0.4321719792438843,0.4037768240343347,0.6363636363636365,0.5764705882352941,0.0
0.34988880652335064,0.30838340486409155,0.5064935064935063,0.5176470588235293,0.0
0.7679762787249816,0.796967095851216,0.31168831168831157,0.4823529411764706,0.27777777777777773
0.3372868791697554,0.2944206008583691,0.4155844155844155,0.588235294117647,0.0
0.7264640474425501,0.7467811158798282,0.2857142857142856,0.5529411764705883,0.4259259259259259
0.7494440326167533,0.7725321888412017,0.4285714285714286,0.411764705882353,0.24074074074074076
0.6093402520385471,0.6077825464949927,0.5974025974025972,0.1764705882352941,0.3148148148148148
0.5292809488510007,0.509241773962804,0.4415584415584415,0.35294117647058826,0.1111111111111111
0.6530763528539659,0.6621459227467811,0.33766233766233755,0.411764705882353,0.6666666666666667
0.4395848776871758,0.4136194563662374,0.5324675324675325,0.6235294117647059,0.0
0.3669384729429207,0.329442060085837,0.5324675324675325,0.4235294117647059,0.18518518518518517
0.5789473684210527,0.5685836909871244,0.6753246753246753,0.4470588235294118,0.0
0.4469977761304671,0.4221459227467811,0.5974025974025972,0.5647058823529412,0.16666666666666666
0.4951816160118607,0.4806866952789699,0.4025974025974026,0.8235294117647058,0.0
0.6701260192735361,0.6799427753934192,0.6753246753246753,0.27058823529411763,0.1111111111111111
0.680504077094144,0.6915593705293276,0.31168831168831157,0.39999999999999997,0.46296296296296297
0.681245366938473,0.6924177396280399,0.6363636363636365,0.6352941176470588,0.09259259259259259
0.40029651593773163,0.3665808297567953,0.2597402597402596,0.5294117647058822,0.18518518518518517
0.5937731653076355,0.5885550786838342,0.5974025974025972,0.6000000000000001,0.12962962962962962
0.28984432913269087,0.24274678111587988,0.6233766233766234,0.6823529411764706,0.09259259259259259
0.36397331356560414,0.3258369098712446,0.36363636363636354,0.6941176470588235,0.27777777777777773
0.5796886582653817,0.5704721030042917,0.5714285714285714,0.32941176470588235,0.2037037037037037
0.5819125277983693,0.5739055793991416,0.6363636363636365,0.5058823529411764,0.4259259259259259
0.6471460340993329,0.6547639484978541,0.4415584415584415,0.588235294117647,0.2037037037037037
0.452186805040771,0.4290128755364806,0.2597402597402596,0.6235294117647059,0.2037037037037037
0.36397331356560414,0.32543633762517876,0.37662337662337664,0.7529411764705882,0.0
0.2668643439584878,0.21224606580829752,0.35064935064935066,0.8,0.1111111111111111
0.7575982209043737,0.7831187410586552,0.37662337662337664,0.5176470588235293,0.2962962962962963
0.4403261675315049,0.41442060085836907,0.5064935064935063,0.611764705882353,0.27777777777777773
0.44922164566345446,0.4243776824034333,0.49350649350649345,0.5764705882352941,0.0
0.4877687175685693,0.47141630901287546,0.46753246753246747,0.6470588235294117,0.0
0.5144551519644182,0.49293276108726747,0.4545454545454546,0.4941176470588235,0.3333333333333333
0.7020014825796888,0.7146208869814018,0.48051948051948057,0.4705882352941177,0.2037037037037037
0.8458117123795406,0.8922460658082975,0.5844155844155845,0.4823529411764706,0.3518518518518518
0.4381022979985174,0.4116738197424892,0.46753246753246747,0.5411764705882354,0.0
0.67531504818384,0.6857224606580831,0.48051948051948057,0.37647058823529417,0.27777777777777773
0.41363973313565605,0.3811158798283262,0.5324675324675325,0.4470588235294118,0.0
0.8458117123795406,0.8921888412017166,0.5324675324675325,0.4588235294117647,0.6666666666666667
0.6367679762787252,0.6416595135908439,0.5324675324675325,0.32941176470588235,0.1111111111111111
0.5478131949592291,0.5312732474964234,0.35064935064935066,0.5411764705882354,0.05555555555555555
0.5055596738324685,0.4828040057224606,0.4155844155844155,0.2,0.0
0.6093402520385471,0.6077825464949927,0.4155844155844155,0.4352941176470589,0.3148148148148148
0.6041512231282432,0.602346208869814,0.3246753246753247,0.7647058823529411,0.48148148148148145
0.4766493699036324,0.45751072961373396,0.7792207792207793,0.6352941176470588,0.0
0.608598962194218,0.607038626609442,0.5194805194805194,0.5529411764705883,0.574074074074074
0.2891030392883618,0.2405722460658083,0.11688311688311681,0.5411764705882354,0.24074074074074076
0.6560415122312826,0.6648927038626607,0.5194805194805194,0.4823529411764706,0.037037037037037035
0.3454410674573759,0.3028326180257511,0.5714285714285714,0.4588235294117647,0.0
0.49295774647887325,0.46283261802575093,0.5454545454545456,0.5529411764705883,0.037037037037037035
0.7190511489992588,0.7380257510729612,0.49350649350649345,0.4235294117647059,0.18518518518518517
0.3031875463306153,0.25985693848354785,0.6233766233766234,0.6823529411764706,0.2222222222222222
0.2824314306893996,0.23198855507868377,0.5974025974025972,0.4823529411764706,0.18518518518518517
0.6782802075611565,0.6897281831187411,0.4025974025974026,0.5529411764705883,0.46296296296296297
0.2357301704966642,0.17836909871244633,0.753246753246753,0.6823529411764706,0.1111111111111111
0.6849518161601187,0.6956795422031473,0.35064935064935066,0.611764705882353,0.5185185185185186
0.5937731653076355,0.5886123032904148,0.4285714285714286,0.4941176470588235,0.46296296296296297
0.42698295033358047,0.3977682403433477,0.2597402597402596,0.4588235294117647,0.0
0.46553002223869544,0.4270100143061516,0.6753246753246753,0.35294117647058826,0.018518518518518517
0.5871015567086733,0.5804291845493562,0.46753246753246747,0.4235294117647059,0.07407407407407407
0.5618977020014826,0.5502145922746781,0.6103896103896103,0.4588235294117647,0.0
0.49444032616753164,0.4788555078683834,0.5064935064935063,0.6941176470588235,0.3888888888888889
0.6182357301704968,0.6199713876967096,0.33766233766233755,0.5176470588235293,0.4259259259259259
0.6212008895478133,0.6240915593705293,0.37662337662337664,0.6588235294117646,0.2222222222222222
0.3951074870274277,0.36017167381974236,0.5064935064935063,0.8470588235294116,0.0
0.4255003706449222,0.39565092989985695,0.5714285714285714,0.5176470588235293,0.0
0.178650852483321,0.12022889842632323,0.805194805194805,0.5294117647058822,0.0
0.5196441808747221,0.5086695278969956,0.6493506493506491,0.5529411764705883,0.16666666666666666
0.3580429948109711,0.3165092989985693,0.753246753246753,0.6352941176470588,0.05555555555555555
0.5604151223128243,0.5455221745350501,0.37662337662337664,0.39999999999999997,0.1111111111111111
0.6019273535952558,0.5994277539341916,0.5064935064935063,0.5176470588235293,0.018518518518518517
0.7657524091919942,0.7925608011444921,0.5974025974025972,0.31764705882352945,0.3333333333333333
0.6041512231282432,0.6018311874105865,0.5584415584415583,0.611764705882353,0.14814814814814814
0.1860637509266123,0.12640915593705282,0.7142857142857142,0.6000000000000001,0.16666666666666666
0.6056338028169016,0.6041773962804006,0.5324675324675325,0.37647058823529417,0.4074074074074074
0.37064492216456635,0.33236051502145925,0.4415584415584415,0.4705882352941177,0.2222222222222222
0.4751667902149741,0.4404577968526465,0.6233766233766234,0.4352941176470589,0.24074074074074076
0.28465530022238694,0.23341917024320458,0.4545454545454546,0.8352941176470587,0.0
0.5922905856189771,0.5875822603719599,0.5324675324675325,0.6000000000000001,0.24074074074074076
0.38621200889547813,0.3516452074391989,0.6493506493506491,0.6470588235294117,0.0
0.27798369162342484,0.22809728183118738,0.6233766233766234,0.5176470588235293,0.12962962962962962
0.5967383246849519,0.5933619456366236,0.23376623376623362,0.38823529411764707,0.3518518518518518
0.36249073387694586,0.32320457796852653,0.6363636363636365,0.7058823529411764,0.0
0.630837657524092,0.6353648068669527,0.5974025974025972,0.4941176470588235,0.0
0.6627131208302447,0.6724463519313305,0.6623376623376622,0.23529411764705882,0.2962962962962963
0.4477390659747962,0.4228326180257511,0.5064935064935063,0.38823529411764707,0.0
0.603409933283914,0.6011444921316166,0.49350649350649345,0.28235294117647064,0.018518518518518517
0.5544848035581913,0.5445493562231759,0.5844155844155845,0.6823529411764706,0.07407407407407407
0.6093402520385471,0.6080686695278971,0.33766233766233755,0.39999999999999997,0.2222222222222222
0.7175685693106005,0.7366523605150214,0.4155844155844155,0.4823529411764706,0.2962962962962963
0.5522609340252039,0.5352217453505007,0.7012987012987011,0.35294117647058826,0.3148148148148148
0.3372868791697554,0.29413447782546487,0.5454545454545456,0.4470588235294118,0.1111111111111111
0.6738324684951817,0.6839484978540772,0.753246753246753,0.39999999999999997,0.07407407407407407
0.5166790214974055,0.495793991416309,0.5584415584415583,0.30588235294117644,0.3333333333333333
0.31949592290585616,0.2749642346208869,0.36363636363636354,0.5529411764705883,0.14814814814814814
0.5663454410674574,0.5520457796852646,0.3246753246753247,0.411764705882353,0.2037037037037037
0.624907338769459,0.6291273247496422,0.4025974025974026,0.5647058823529412,0.1111111111111111
0.5433654558932542,0.5313876967095851,0.6363636363636365,0.6941176470588235,0.05555555555555555
0.5856189770200149,0.5738483547925607,0.5324675324675325,0.4235294117647059,0.0
0.2876204595997035,0.23788268955650937,0.31168831168831157,0.6705882352941175,0.0
0.3232023721275019,0.27994277539341916,0.5194805194805194,0.5764705882352941,0.12962962962962962
0.5767234988880653,0.5630901287553648,0.753246753246753,0.7411764705882353,0.037037037037037035
0.65826538176427,0.6674105865522174,0.37662337662337664,0.6941176470588235,0.0
0.6004447739065976,0.596967095851216,0.46753246753246747,0.30588235294117644,0.07407407407407407
0.5789473684210527,0.566695278969957,0.5194805194805194,0.588235294117647,0.0
0.5552260934025204,0.5399713876967095,0.19480519480519476,0.7058823529411764,0.3518518518518518
0.6767976278724982,0.6882403433476395,0.4285714285714286,0.5058823529411764,0.0
0.6916234247590808,0.7037482117310444,0.37662337662337664,0.5529411764705883,0.3148148148148148
0.6293550778354337,0.6337052932761086,0.46753246753246747,0.4823529411764706,0.3333333333333333
0.7242401779095627,0.7443204577968526,0.48051948051948057,0.30588235294117644,0.4259259259259259
0.613787991104522,0.615450643776824,0.5324675324675325,0.5176470588235293,0.3148148148148148
0.7175685693106005,0.7362517882689555,0.5844155844155845,0.25882352941176473,0.09259259259259259
0.5381764269829504,0.526008583690987,0.5064935064935063,0.6823529411764706,0.0
0.446256486286138,0.4212875536480686,0.20779220779220764,0.8117647058823529,0.05555555555555555
0.6960711638250556,0.7086695278969956,0.35064935064935066,0.5764705882352941,0.27777777777777773
0.3150481838398814,0.27090128755364795,0.6363636363636365,0.4941176470588235,0.07407407407407407
0.7042253521126762,0.7172532188841202,0.4155844155844155,0.5176470588235293,0.48148148148148145
0.603409933283914,0.5951359084406295,0.5844155844155845,0.5294117647058822,0.05555555555555555
0.6664195700518903,0.6764520743919885,0.4025974025974026,0.35294117647058826,0.18518518518518517
0.5670867309117865,0.5525035765379113,0.4155844155844155,0.2117647058823529,0.3888888888888889
0.563380281690141,0.5486695278969956,0.6753246753246753,0.776470588235294,0.27777777777777773
0.42772424017790966,0.36824034334763955,0.46753246753246747,0.588235294117647,0.018518518518518517
0.7390659747961453,0.7603433476394849,0.5584415584415583,0.5647058823529412,0.5185185185185186
0.8139362490733877,0.8549356223175965,0.31168831168831157,0.37647058823529417,0.48148148148148145
0.5107487027427725,0.4985979971387695,0.2987012987012987,0.611764705882353,0.0
0.4877687175685693,0.47130185979971384,0.49350649350649345,0.5529411764705883,0.0
0.6723498888065234,0.6826323319027182,0.6363636363636365,0.411764705882353,0.25925925925925924
0.1630837657524092,0.1056366237482117,0.6883116883116884,0.6000000000000001,0.0
0.5641215715344701,0.5497567954220316,0.49350649350649345,0.36470588235294116,0.2037037037037037
0.5596738324684952,0.5445493562231759,0.5324675324675325,0.6470588235294117,0.12962962962962962
0.5337286879169756,0.5145636623748212,0.5064935064935063,0.38823529411764707,0.2037037037037037
0.34247590808005934,0.30020028612303284,0.6623376623376622,0.7176470588235293,0.018518518518518517
0.4744255003706449,0.4545350500715307,0.7792207792207793,0.5176470588235293,0.0
0.4736842105263158,0.45361945636623746,0.4545454545454546,0.6705882352941175,0.3333333333333333
0.37731653076352867,0.34037195994277536,0.5714285714285714,0.5764705882352941,0.0
0.29799851742031136,0.2539055793991416,0.6493506493506491,0.7058823529411764,0.0
0.37138621200889554,0.33321888412017164,0.6753246753246753,0.7058823529411764,0.0
0.469236471460341,0.4490987124463519,0.5714285714285714,0.5411764705882354,0.12962962962962962
0.5455893254262417,0.5276108726752503,0.3896103896103895,0.5176470588235293,0.14814814814814814
0.6456634544106746,0.6486409155937053,0.37662337662337664,0.6000000000000001,0.1111111111111111
0.4773906597479616,0.4585979971387697,0.48051948051948057,0.7176470588235293,0.07407407407407407
0.6323202372127503,0.6366809728183119,0.48051948051948057,0.5411764705882354,0.27777777777777773
0.4759080800593033,0.4419456366237482,0.5844155844155845,0.4823529411764706,0.2222222222222222
0.4959229058561898,0.4686123032904149,0.5324675324675325,0.38823529411764707,0.0
0.5752409191994071,0.563662374821173,0.46753246753246747,0.34117647058823525,0.12962962962962962
0.4892512972572277,0.47273247496423465,0.5844155844155845,0.7882352941176469,0.18518518518518517
0.3106004447739067,0.26689556509298995,0.5584415584415583,0.4470588235294118,0.037037037037037035
0.6212008895478133,0.6247210300429183,0.6103896103896103,0.5411764705882354,0.0
0.4684951816160119,0.4485836909871245,0.7012987012987011,0.5411764705882354,0.0
0.33358042994810977,0.2913304721030042,0.5064935064935063,0.6000000000000001,0.0
0.4818383988139364,0.4647782546494992,0.6233766233766234,0.6470588235294117,0.2962962962962963
0.4025203854707191,0.36909871244635184,0.4285714285714286,0.5411764705882354,0.09259259259259259
0.4306893995552261,0.4024606580829757,0.5844155844155845,0.4235294117647059,0.0
0.6212008895478133,0.6246638054363375,0.5064935064935063,0.25882352941176473,0.48148148148148145
0.47071905114899937,0.45092989985693843,0.31168831168831157,0.588235294117647,0.0
0.6908821349147517,0.7455221745350499,0.6753246753246753,0.5294117647058822,0.25925925925925924
0.664195700518903,0.6750786838340485,0.49350649350649345,0.6588235294117646,0.16666666666666666
0.7842846553002225,0.8170529327610873,0.2987012987012987,0.39999999999999997,0.0
0.70941438102298,0.7253791130185979,0.49350649350649345,0.2,0.05555555555555555
0.49369903632320233,0.47845493562231756,0.4285714285714286,0.4352941176470589,0.0
0.4736842105263158,0.453447782546495,0.6233766233766234,0.5647058823529412,0.0
0.4032616753150482,0.37024320457796855,0.5844155844155845,0.6941176470588235,0.0
0.3891771682727948,0.35427753934191697,0.3246753246753247,0.27058823529411763,0.0
0.6271312083024463,0.630615164520744,0.16883116883116878,0.6588235294117646,0.25925925925925924
0.39214232765011126,0.3579971387696709,0.5844155844155845,0.7176470588235293,0.05555555555555555
0.496664195700519,0.4715307582260372,0.49350649350649345,0.4470588235294118,0.37037037037037035
0.6426982950333582,0.6479542203147354,0.37662337662337664,0.6588235294117646,0.0
0.681245366938473,0.6920171673819743,0.4415584415584415,0.4235294117647059,0.1111111111111111
0.3973313565604152,0.36223175965665233,0.49350649350649345,0.5647058823529412,0.37037037037037035
0.43587842846553004,0.4086409155937052,0.5584415584415583,0.5529411764705883,0.0
0.42105263157894746,0.3894134477825465,0.4155844155844155,0.5647058823529412,0.2037037037037037
0.8650852483320981,0.9036909871244635,0.7402597402597404,0.5647058823529412,0.48148148148148145
0.2861378799110452,0.23645207439198856,0.5844155844155845,0.6588235294117646,0.0
0.40177909562639,0.36778254649499287,0.46753246753246747,0.32941176470588235,0.0
0.3661971830985916,0.32864091559370523,0.5714285714285714,0.5764705882352941,0.0
0.6960711638250556,0.708555078683834,0.24675324675324672,0.4235294117647059,0.46296296296296297
0.781319495922906,0.8123032904148785,0.37662337662337664,0.35294117647058826,0.25925925925925924
0.5537435137138622,0.5380257510729612,0.23376623376623362,0.38823529411764707,0.3518518518518518
0.7005189028910305,0.7137625178826895,0.4415584415584415,0.39999999999999997,0.4074074074074074
0.4536693847294293,0.4300429184549356,0.49350649350649345,0.6941176470588235,0.0
0.6708673091178652,0.6806294706723891,0.5064935064935063,0.411764705882353,0.14814814814814814
0.34173461823573026,0.2993991416309013,0.5714285714285714,0.5647058823529412,0.07407407407407407
0.47887323943661975,0.44560801144492124,0.6753246753246753,0.5529411764705883,0.5925925925925926
0.5159377316530764,0.49396280400572246,0.6493506493506491,0.4470588235294118,0.2962962962962963
0.3291326908821349,0.28429184549356223,0.5454545454545456,0.6352941176470588,0.3148148148148148
0.5782060785767236,0.5668669527896996,0.36363636363636354,0.6470588235294117,0.07407407407407407
0.6775389177168274,0.6886409155937053,0.33766233766233755,0.5647058823529412,0.5925925925925926
0.7346182357301705,0.7549070100143062,0.2597402597402596,0.5058823529411764,0.4444444444444444
0.6456634544106746,0.6519599427753934,0.4025974025974026,0.36470588235294116,0.5555555555555556
0.7153446997776131,0.7336766809728182,0.805194805194805,0.37647058823529417,0.37037037037037035
0.4840622683469237,0.4667238912732474,0.4285714285714286,0.6705882352941175,0.0
0.6100815418828762,0.609384835479256,0.5064935064935063,0.30588235294117644,0.4074074074074074
0.6063750926612307,0.6050357653791131,0.6883116883116884,0.6352941176470588,0.0
0.452186805040771,0.4050929899856939,0.5064935064935063,0.4235294117647059,0.037037037037037035
0.6330615270570794,0.624549356223176,0.48051948051948057,0.4352941176470589,0.27777777777777773
0.6330615270570794,0.6376537911301859,0.5324675324675325,0.36470588235294116,0.12962962962962962
0.4040029651593774,0.3715593705293275,0.49350649350649345,0.7294117647058822,0.018518518518518517
0.6174944403261675,0.6192274678111588,0.46753246753246747,0.39999999999999997,0.2222222222222222
0.42846553002223875,0.3994277539341917,0.6363636363636365,0.8117647058823529,0.2037037037037037
0.4477390659747962,0.4231187410586551,0.4545454545454546,0.6588235294117646,0.25925925925925924
0.2809488510007413,0.23032904148783973,0.7012987012987011,0.6823529411764706,0.2222222222222222
0.5782060785767236,0.5666380543633761,0.2987012987012987,0.5764705882352941,0.3333333333333333
0.6189770200148259,0.6207153075822603,0.46753246753246747,0.4705882352941177,0.1111111111111111
0.7190511489992588,0.7373962804005721,0.33766233766233755,0.6000000000000001,0.4259259259259259
0.7005189028910305,0.7134191702432046,0.2857142857142856,0.4823529411764706,0.16666666666666666
0.30467012601927357,0.2613447782546495,0.6233766233766234,0.36470588235294116,0.18518518518518517
0.3528539659006672,0.31055793991416303,0.7272727272727273,0.6000000000000001,0.0
0.7731653076352856,0.8040057224606579,0.5844155844155845,0.39999999999999997,0.37037037037037035
0.4951816160118607,0.46723891273247486,0.6103896103896103,0.4941176470588235,0.27777777777777773
0.6871756856931062,0.698826895565093,0.16883116883116878,0.36470588235294116,0.27777777777777773
0.44329132690882134,0.41876967095851214,0.5584415584415583,0.5176470588235293,0.1111111111111111
0.29280948851000743,0.2482975679542203,0.48051948051948057,0.611764705882353,0.0
0.469236471460341,0.4490987124463519,0.46753246753246747,0.6235294117647059,0.0
0.3528539659006672,0.31055793991416303,0.6103896103896103,0.5529411764705883,0.0
0.5945144551519645,0.5898712446351931,0.4415584415584415,0.28235294117647064,0.25925925925925924
0.7272053372868792,0.7475822603719599,0.3896103896103895,0.411764705882353,0.037037037037037035
0.5804299481097109,0.5689842632331902,0.48051948051948057,0.588235294117647,0.018518518518518517
0.6760563380281691,0.6866952789699571,0.3896103896103895,0.611764705882353,0.46296296296296297
0.43661971830985913,0.38517882689556504,0.46753246753246747,0.4588235294117647,0.5555555555555556
0.5908080059303188,0.5851788268955652,0.5844155844155845,0.32941176470588235,0.27777777777777773
0.6152705707931801,0.6168812589413447,0.35064935064935066,0.4705882352941177,0.25925925925925924
0.597479614529281,0.5943347639484978,0.6753246753246753,0.6588235294117646,0.3333333333333333
0.6597479614529281,0.6692989985693848,0.5324675324675325,0.5058823529411764,0.0
0.40029651593773163,0.3657224606580829,0.3896103896103895,0.6470588235294117,0.09259259259259259
0.5722757598220904,0.5595422031473533,0.48051948051948057,0.5176470588235293,0.3148148148148148
0.5300222386953299,0.5103862660944204,0.4025974025974026,0.6470588235294117,0.09259259259259259
0.44922164566345446,0.4242632331902718,0.6233766233766234,0.4705882352941177,0.09259259259259259
0.43513713862120096,0.40738197424892697,0.6883116883116884,0.6588235294117646,0.0
0.4166048925129726,0.384206008583691,0.6623376623376622,0.5647058823529412,0.18518518518518517
0.4040029651593774,0.3710443490701001,0.5844155844155845,0.611764705882353,0.25925925925925924
0.70941438102298,0.7249213161659512,0.3896103896103895,0.31764705882352945,0.12962962962962962
0.5759822090437362,0.5642918454935623,0.49350649350649345,0.5058823529411764,0.3518518518518518
0.5559673832468497,0.5406580829756796,0.6233766233766234,0.5529411764705883,0.5555555555555556
0.6693847294292069,0.6790844062947067,0.46753246753246747,0.6235294117647059,0.25925925925925924
0.6879169755374352,0.7003147353361944,0.48051948051948057,0.38823529411764707,0.0
0.40548554484803556,0.3739055793991416,0.6493506493506491,0.6470588235294117,0.07407407407407407
0.29948109710896964,0.255793991416309,0.5454545454545456,0.6823529411764706,0.0
0.5485544848035582,0.5313876967095851,0.31168831168831157,0.29411764705882354,0.27777777777777773
0.3951074870274277,0.36034334763948483,0.5584415584415583,0.7058823529411764,0.0
0.6627131208302447,0.6797138769670957,0.7402597402597404,0.4705882352941177,0.27777777777777773
0.4677538917716827,0.446695278969957,0.5454545454545456,0.6235294117647059,0.0
0.7924388435878429,0.8267238912732474,0.5194805194805194,0.5411764705882354,0.27777777777777773
0.4699777613046703,0.450414878397711,0.6753246753246753,0.39999999999999997,0.27777777777777773
0.6412157153446998,0.6468097281831185,0.3896103896103895,0.4705882352941177,0.3333333333333333
0.6738324684951817,0.6845779685264662,0.4415584415584415,0.4588235294117647,0.2037037037037037
0.4529280948851001,0.42964234620886976,0.4415584415584415,0.7176470588235293,0.0
0.6441808747220165,0.6500143061516451,0.5714285714285714,0.588235294117647,0.4444444444444444
0.5596738324684952,0.5445493562231759,0.2987012987012987,0.5764705882352941,0.37037037037037035
0.5715344699777614,0.5586838340486407,0.5324675324675325,0.5058823529411764,0.07407407407407407
0.3958487768717569,0.36080114449213163,0.2857142857142856,0.5294117647058822,0.0
0.613787991104522,0.6149928469241773,0.46753246753246747,0.6470588235294117,0.0
0.3654558932542624,0.32761087267525024,0.6363636363636365,0.6823529411764706,0.018518518518518517
0.5997034840622685,0.5965092989985693,0.5454545454545456,0.588235294117647,0.25925925925925924
0.5263157894736843,0.5147925608011444,0.5974025974025972,0.5176470588235293,0.12962962962962962
0.6108228317272054,0.6107582260371961,0.46753246753246747,0.4235294117647059,0.24074074074074076
0.5174203113417346,0.5071244635193132,0.4545454545454546,0.5647058823529412,0.018518518518518517
0.3261675315048185,0.2821745350500715,0.2727272727272727,0.7882352941176469,0.0
0.3669384729429207,0.3289842632331902,0.6363636363636365,0.611764705882353,0.0
0.536693847294292,0.5194849785407724,0.2597402597402596,0.35294117647058826,0.3518518518518518
0.6916234247590808,0.7036337625178827,0.35064935064935066,0.36470588235294116,0.0
0.4595997034840623,0.437653791130186,0.6363636363636365,0.6823529411764706,0.037037037037037035
0.6997776130467014,0.7125035765379114,0.48051948051948057,0.4823529411764706,0.2222222222222222
0.3758339510748703,0.3387696709585122,0.6883116883116884,0.8705882352941177,0.24074074074074076
0.5767234988880653,0.5654363376251786,0.48051948051948057,0.38823529411764707,0.07407407407407407
0.3750926612305412,0.338140200286123,0.2987012987012987,0.4941176470588235,0.0
0.5537435137138622,0.5438054363376251,0.6883116883116884,0.6470588235294117,0.24074074074074076
0.6671608598962195,0.6772532188841202,0.48051948051948057,0.27058823529411763,0.12962962962962962
0.43587842846553004,0.38414878397711005,0.31168831168831157,0.5529411764705883,0.16666666666666666
0.597479614529281,0.5940486409155937,0.4285714285714286,0.5411764705882354,0.27777777777777773
0.44477390659747973,0.4202575107296136,0.4155844155844155,0.411764705882353,0.2037037037037037
0.4099332839140104,0.37785407725321885,0.4025974025974026,0.5647058823529412,0.018518518518518517
0.5448480355819126,0.5337339055793991,0.6883116883116884,0.611764705882353,0.16666666666666666
0.5796886582653817,0.5705293276108726,0.49350649350649345,0.5058823529411764,0.09259259259259259
0.6182357301704968,0.6196852646638055,0.46753246753246747,0.4823529411764706,0.537037037037037
0.31356560415122314,0.26975679542203146,0.4025974025974026,0.4588235294117647,0.037037037037037035
0.26389918458117123,0.2092703862660944,0.5974025974025972,0.5411764705882354,0.0
0.5759822090437362,0.5643490701001429,0.4285714285714286,0.7294117647058822,0.27777777777777773
0.7034840622683469,0.7171387696709585,0.4415584415584415,0.5058823529411764,0.6851851851851851
0.4010378057820607,0.366695278969957,0.5194805194805194,0.611764705882353,0.07407407407407407
0.8584136397331357,0.8945350500715309,0.36363636363636354,0.36470588235294116,0.24074074074074076
0.2535211267605634,0.19959942775393413,0.46753246753246747,0.611764705882353,0.18518518518518517
0.2609340252038548,0.2068097281831187,0.5324675324675325,0.611764705882353,0.4074074074074074
0.6449221645663455,0.6509871244635194,0.4415584415584415,0.6000000000000001,0.37037037037037035
0.563380281690141,0.5482689556509298,0.4415584415584415,0.5529411764705883,0.3888888888888889
0.3661971830985916,0.3285836909871245,0.6623376623376622,0.5411764705882354,0.0
0.6078576723498889,0.6062947067238912,0.4285714285714286,0.4705882352941177,0.0
0.6664195700518903,0.6762231759656653,0.49350649350649345,0.5294117647058822,0.49999999999999994
0.8680504077094144,0.9042632331902717,0.6233766233766234,0.36470588235294116,0.0
0.42253521126760574,0.39193133047210293,0.3896103896103895,0.4941176470588235,0.0
0.5856189770200149,0.5785979971387697,0.5714285714285714,0.4470588235294118,0.0
0.5226093402520386,0.5117596566523605,0.6233766233766234,0.5764705882352941,0.24074074074074076
0.7501853224610824,0.7731044349070101,0.48051948051948057,0.39999999999999997,0.0
0.40770941438102304,0.3760801144492131,0.6623376623376622,0.38823529411764707,0.0
0.48628613787991104,0.4543061516452074,0.23376623376623362,0.27058823529411763,0.07407407407407407
0.39214232765011126,0.3572532188841201,0.5064935064935063,0.6352941176470588,0.16666666666666666
0.5789473684210527,0.569728183118741,0.35064935064935066,0.5529411764705883,0.14814814814814814
0.6048925129725723,0.6033762517882689,0.36363636363636354,0.4941176470588235,0.4444444444444444
0.7168272794662714,0.7353361945636624,0.5454545454545456,0.38823529411764707,0.574074074074074
0.6916234247590808,0.7030042918454936,0.5584415584415583,0.6588235294117646,0.0
0.5900667160859897,0.5846065808297566,0.2987012987012987,0.38823529411764707,0.2037037037037037
0.5604151223128243,0.5459227467811157,0.4155844155844155,0.7411764705882353,0.3518518518518518
0.3758339510748703,0.3387696709585122,0.6103896103896103,0.6352941176470588,0.16666666666666666
0.5744996293550779,0.5631473533619454,0.22077922077922074,0.611764705882353,0.3518518518518518
0.6486286137879913,0.656766809728183,0.5454545454545456,0.35294117647058826,0.46296296296296297
0.7234988880652337,0.7428326180257511,0.6363636363636365,0.30588235294117644,0.25925925925925924
0.5567086730911788,0.5415736766809728,0.4025974025974026,0.4470588235294118,0.14814814814814814
0.40548554484803556,0.37367668097281825,0.6103896103896103,0.8,0.037037037037037035
0.4403261675315049,0.41373390557939915,0.5584415584415583,0.5647058823529412,0.018518518518518517
0.647887323943662,0.656137339055794,0.37662337662337664,0.4470588235294118,0.14814814814814814
0.6071163825055598,0.6056080114449213,0.6363636363636365,0.5647058823529412,0.2037037037037037
0.3165307635285397,0.272560801144492,0.35064935064935066,0.8470588235294116,0.0
0.4306893995552261,0.40223175965665237,0.4415584415584415,0.6235294117647059,0.12962962962962962
0.6879169755374352,0.7007153075822604,0.49350649350649345,0.4588235294117647,0.18518518518518517
0.5952557449962936,0.590901287553648,0.2597402597402596,0.27058823529411763,0.14814814814814814
0.8613787991104522,0.8993991416309012,0.33766233766233755,0.38823529411764707,0.3333333333333333
0.5441067457375836,0.5323605150214591,0.5714285714285714,0.6823529411764706,0.0
0.7398072646404745,0.7609155937052933,0.7142857142857142,0.6588235294117646,0.16666666666666666
0.40029651593773163,0.3430615164520744,0.23376623376623362,0.5058823529411764,0.3518518518518518
0.6856931060044479,0.6963662374821172,0.37662337662337664,0.5647058823529412,0.2222222222222222
0.3157894736842105,0.2715307582260372,0.7142857142857142,0.6941176470588235,0.12962962962962962
0.6234247590808006,0.6274105865522174,0.4285714285714286,0.38823529411764707,0.37037037037037035
0.641957005189029,0.6470958512160229,0.5974025974025972,0.30588235294117644,0.0
0.3543365455893255,0.3113018597997138,0.2987012987012987,0.611764705882353,0.0
0.5515196441808748,0.5341917024320458,0.19480519480519476,0.4470588235294118,0.46296296296296297
0.759080800593032,0.7842060085836909,0.6623376623376622,0.31764705882352945,0.4074074074074074
0.4040029651593774,0.3713304721030043,0.6233766233766234,0.6823529411764706,0.0
0.7457375833951075,0.7689270386266093,0.6103896103896103,0.5294117647058822,0.2962962962962963
0.424759080800593,0.3946781115879827,0.7792207792207793,0.6235294117647059,0.05555555555555555
0.6026686434395849,0.6001144492131617,0.5064935064935063,0.22352941176470592,0.0
0.535952557449963,0.5179399141630902,0.2597402597402596,0.36470588235294116,0.07407407407407407
0.3150481838398814,0.271244635193133,0.5194805194805194,0.6352941176470588,0.0
0.24981467753891776,0.19799713876967096,0.5974025974025972,0.6352941176470588,0.0
0.6982950333580431,0.7103862660944206,0.4155844155844155,0.4235294117647059,0.4259259259259259
0.5767234988880653,0.5650929899856937,0.5064935064935063,0.4352941176470589,0.16666666666666666
0.4773906597479616,0.4442346208869813,0.2727272727272727,0.39999999999999997,0.6481481481481481
0.4395848776871758,0.41287553648068664,0.35064935064935066,0.5294117647058822,0.0
0.5707931801334323,0.5582260371959943,0.2727272727272727,0.5529411764705883,0.1111111111111111
0.45811712379540415,0.4358798283261802,0.6103896103896103,0.5529411764705883,0.4074074074074074
0.6219421793921424,0.6147067238912732,0.48051948051948057,0.5647058823529412,0.1111111111111111
0.7227575982209046,0.7424892703862661,0.6753246753246753,0.6588235294117646,0.05555555555555555
0.7286879169755375,0.748898426323319,0.46753246753246747,0.588235294117647,0.5185185185185186
0.553002223869533,0.5365379113018599,0.6103896103896103,0.30588235294117644,0.49999999999999994
0.6345441067457377,0.6399427753934191,0.3896103896103895,0.5647058823529412,0.49999999999999994
0.41215715344699777,0.3802575107296138,0.4545454545454546,0.6823529411764706,0.18518518518518517
0.6234247590808006,0.6267811158798283,0.5324675324675325,0.6000000000000001,0.3148148148148148
0.714603409933284,0.7326466380543634,0.5324675324675325,0.4941176470588235,0.49999999999999994
0.41215715344699777,0.38071530758226024,0.5974025974025972,0.588235294117647,0.0
0.7264640474425501,0.7468955650929899,0.2857142857142856,0.4588235294117647,0.12962962962962962
0.5618977020014826,0.5504434907010013,0.46753246753246747,0.411764705882353,0.0
0.5018532246108229,0.48938483547925604,0.6103896103896103,0.7176470588235293,0.2962962962962963
0.5418828762045961,0.5293848354792562,0.5324675324675325,0.5058823529411764,0.0
0.3083765752409192,0.26557939914163076,0.5454545454545456,0.6823529411764706,0.0
0.4403261675315049,0.4139628040057224,0.37662337662337664,0.36470588235294116,0.0
0.39807264640474427,0.3631473533619456,0.7272727272727273,0.611764705882353,0.1111111111111111
0.4010378057820607,0.366695278969957,0.3896103896103895,0.4823529411764706,0.12962962962962962
0.43661971830985913,0.4093848354792561,0.3896103896103895,0.34117647058823525,0.14814814814814814
0.42698295033358047,0.39736766809728175,0.5584415584415583,0.32941176470588235,0.2962962962962963
0.6960711638250556,0.708555078683834,0.5714285714285714,0.36470588235294116,0.537037037037037
0.45737583395107495,0.435593705293276,0.4025974025974026,0.4941176470588235,0.0
0.7412898443291328,0.7638912732474964,0.5584415584415583,0.4823529411764706,0.18518518518518517
0.47294292068198673,0.4531616595135908,0.6363636363636365,0.5176470588235293,0.07407407407407407
0.6330615270570794,0.6377110157367668,0.35064935064935066,0.29411764705882354,0.3888888888888889
0.630096367679763,0.634620886981402,0.4415584415584415,0.5764705882352941,0.09259259259259259
0.7524091919940697,0.7766523605150214,0.2857142857142856,0.4588235294117647,0.24074074074074076
0.3802816901408451,0.34414878397711013,0.5064935064935063,0.5764705882352941,0.16666666666666666
0.5418828762045961,0.5244635193133046,0.19480519480519476,0.28235294117647064,0.1111111111111111
0.7042253521126762,0.7174821173104434,0.2597402597402596,0.4470588235294118,0.0
0.6849518161601187,0.6957367668097282,0.7142857142857142,0.4941176470588235,0.3518518518518518
0.4255003706449222,0.3946781115879827,0.36363636363636354,0.4235294117647059,0.0
0.6716085989621943,0.6818884120171672,0.49350649350649345,0.7058823529411764,0.12962962962962962
0.3513713862120089,0.3094706723891273,0.49350649350649345,0.7882352941176469,0.0
0.3454410674573759,0.3030042918454936,0.6233766233766234,0.5294117647058822,0.14814814814814814
0.374351371386212,0.33779685264663795,0.5064935064935063,0.5647058823529412,0.0
0.2876204595997035,0.2381115879828326,0.5584415584415583,0.7647058823529411,0.0
0.6515937731653078,0.6604291845493561,0.5194805194805194,0.4235294117647059,0.6481481481481481
0.6286137879911046,0.6219742489270385,0.4025974025974026,0.5176470588235293,0.16666666666666666
0.5233506300963677,0.5026609442060085,0.753246753246753,0.5647058823529412,0.37037037037037035
0.6790214974054856,0.6902432045779684,0.5194805194805194,0.4705882352941177,0.2962962962962963
0.4321719792438843,0.40371959942775393,0.6363636363636365,0.6352941176470588,0.09259259259259259
0.5804299481097109,0.5706437768240343,0.4545454545454546,0.6941176470588235,0.2037037037037037
0.8057820607857673,0.8444062947067238,0.3246753246753247,0.34117647058823525,0.4444444444444444
0.7294292068198667,0.7508440629470673,0.5844155844155845,0.588235294117647,0.0
0.41363973313565605,0.3810586552217453,0.46753246753246747,0.5764705882352941,0.0
0.5270570793180134,0.5066666666666667,0.5714285714285714,0.4941176470588235,0.14814814814814814
0.1964418087472202,0.1396280400572245,0.6493506493506491,0.6235294117647059,0.0
0.42105263157894746,0.3585693848354792,0.3896103896103895,0.4235294117647059,0.537037037037037
0.569310600444774,0.5558226037195994,0.4415584415584415,0.4470588235294118,0.018518518518518517
0.5871015567086733,0.5810586552217453,0.10389610389610393,0.6470588235294117,0.24074074074074076
0.29206819866567835,0.24709585121602284,0.46753246753246747,0.5176470588235293,0.48148148148148145
0.6701260192735361,0.6791988555078682,0.5194805194805194,0.611764705882353,0.27777777777777773
0.5211267605633804,0.5011158798283262,0.6623376623376622,0.34117647058823525,0.3888888888888889
0.7168272794662714,0.7354506437768239,0.3896103896103895,0.5058823529411764,0.18518518518518517
0.6515937731653078,0.6608869814020027,0.2727272727272727,0.4941176470588235,0.0
0.2661230541141587,0.2115593705293276,0.6233766233766234,0.7176470588235293,0.0
0.5856189770200149,0.5787696709585121,0.5974025974025972,0.32941176470588235,0.2037037037037037
0.681245366938473,0.6928755364806868,0.5974025974025972,0.4588235294117647,0.3888888888888889
0.4469977761304671,0.4218597997138769,0.4155844155844155,0.5647058823529412,0.037037037037037035
0.42105263157894746,0.3899856938483547,0.5584415584415583,0.4352941176470589,0.0
0.536693847294292,0.525379113018598,0.6233766233766234,0.32941176470588235,0.24074074074074076
0.4892512972572277,0.4738197424892704,0.37662337662337664,0.7411764705882353,0.0
0.29058561897702007,0.24423462088698134,0.1558441558441559,0.6941176470588235,0.16666666666666666
0.42253521126760574,0.3919885550786838,0.4545454545454546,0.5176470588235293,0.2037037037037037
0.6493699036323204,0.6571673819742488,0.36363636363636354,0.5411764705882354,0.14814814814814814
0.3306152705707932,0.2854363376251787,0.6233766233766234,0.5529411764705883,0.14814814814814814
0.6553002223869534,0.6643776824034334,0.5324675324675325,0.24705882352941183,0.2222222222222222
0.6879169755374352,0.6999713876967096,0.4545454545454546,0.6235294117647059,0.2222222222222222
0.3669384729429207,0.3296709585121602,0.5194805194805194,0.6588235294117646,0.0
0.5959970348406227,0.5913590844062947,0.5584415584415583,0.28235294117647064,0.2222222222222222
0.8042994810971091,0.8434334763948498,0.6233766233766234,0.4235294117647059,0.27777777777777773
0.3617494440326168,0.32160228898426324,0.5454545454545456,0.8235294117647058,0.05555555555555555
0.44106745737583397,0.41516452074391985,0.6363636363636365,0.4235294117647059,0.0
0.38621200889547813,0.3517596566523604,0.7662337662337662,0.776470588235294,0.0
0.4684951816160119,0.43038626609442054,0.35064935064935066,0.34117647058823525,0.6296296296296295
0.8250555967383248,0.8698140200286123,0.48051948051948057,0.5529411764705883,0.7592592592592593
0.24240177909562646,0.19038626609442055,0.6103896103896103,0.5176470588235293,0.0
0.6367679762787252,0.6421745350500715,0.5974025974025972,0.4470588235294118,0.2037037037037037
0.5856189770200149,0.578483547925608,0.4025974025974026,0.31764705882352945,0.49999999999999994
0.469236471460341,0.4492703862660944,0.46753246753246747,0.588235294117647,0.0
0.3884358784284655,0.3535336194563662,0.5064935064935063,0.5294117647058822,0.16666666666666666
0.6960711638250556,0.7087267525035766,0.4415584415584415,0.4705882352941177,0.5555555555555556
0.5114899925871016,0.48967095851216025,0.48051948051948057,0.5529411764705883,0.27777777777777773
0.4262416604892514,0.39690987124463517,0.6753246753246753,0.8,0.0
0.24240177909562646,0.1900429184549356,0.6753246753246753,0.5529411764705883,0.0
0.40770941438102304,0.37642346208869804,0.3246753246753247,0.8941176470588235,0.14814814814814814
0.67531504818384,0.6854935622317596,0.46753246753246747,0.611764705882353,0.46296296296296297
0.6123054114158637,0.6125894134477826,0.5584415584415583,0.30588235294117644,0.4259259259259259
0.70941438102298,0.7249213161659512,0.7012987012987011,0.32941176470588235,0.24074074074074076
0.5463306152705709,0.5287553648068669,0.6493506493506491,0.35294117647058826,0.3888888888888889
0.7234988880652337,0.7430615164520745,0.5324675324675325,0.4823529411764706,0.0
0.6679021497405487,0.6778254649499286,0.5064935064935063,0.4235294117647059,0.2222222222222222
0.6071163825055598,0.6056652360515021,0.2597402597402596,0.31764705882352945,0.2962962962962963
0.5537435137138622,0.5373390557939913,0.46753246753246747,0.4823529411764706,0.27777777777777773
0.45737583395107495,0.4345064377682403,0.6103896103896103,0.6941176470588235,0.2037037037037037
0.5574499629355079,0.5423748211731044,0.5844155844155845,0.4470588235294118,0.1111111111111111
0.5826538176426984,0.57447782546495,0.5324675324675325,0.25882352941176473,0.0
0.6145292809488511,0.6162517882689554,0.46753246753246747,0.4588235294117647,0.0
0.7042253521126762,0.7187982832618026,0.35064935064935066,0.4470588235294118,0.25925925925925924
0.26908821349147516,0.2157367668097281,0.5714285714285714,0.6588235294117646,0.0
0.7383246849518162,0.7598855507868384,0.6103896103896103,0.5411764705882354,0.0
0.4343958487768719,0.4063519313304721,0.3896103896103895,0.6705882352941175,0.037037037037037035
0.553002223869533,0.5355650929899857,0.4155844155844155,0.4941176470588235,0.0
0.6182357301704968,0.6203147353361945,0.4285714285714286,0.37647058823529417,0.2222222222222222
0.5203854707190513,0.5006008583690987,0.8701298701298701,0.36470588235294116,0.49999999999999994
0.6990363232023723,0.7116452074391989,0.2727272727272727,0.38823529411764707,0.0
0.32765011119347665,0.28251788268955647,0.49350649350649345,0.4941176470588235,0.0
0.37879911045218684,0.3423175965665236,0.6883116883116884,0.7882352941176469,0.0
0.7057079318013344,0.7206866952789698,0.35064935064935066,0.5176470588235293,0.4074074074074074
0.4595997034840623,0.43725321888412005,0.5324675324675325,0.6235294117647059,0.2037037037037037
0.6901408450704226,0.7024892703862661,0.46753246753246747,0.5647058823529412,0.0
0.45144551519644194,0.42763948497854076,0.5324675324675325,0.611764705882353,0.0
0.5878428465530023,0.5822603719599427,0.5584415584415583,0.4588235294117647,0.2222222222222222
0.48480355819125287,0.4676394849785407,0.49350649350649345,0.4941176470588235,0.14814814814814814
0.6523350630096368,0.6617453505007153,0.5974025974025972,0.5411764705882354,0.16666666666666666
0.48554484803558196,0.46855507868383395,0.753246753246753,0.6705882352941175,0.0
0.7286879169755375,0.7491845493562231,0.1428571428571428,0.6352941176470588,0.24074074074074076
0.6234247590808006,0.6273533619456365,0.7662337662337662,0.34117647058823525,0.3888888888888889
0.4025203854707191,0.3685836909871244,0.6883116883116884,0.39999999999999997,0.46296296296296297
0.5700518902891032,0.55725321888412,0.2727272727272727,0.5294117647058822,0.7407407407407407
0.586360266864344,0.5797997138769672,0.2597402597402596,0.36470588235294116,0.3888888888888889
0.731653076352854,0.7518741058655222,0.3896103896103895,0.4823529411764706,0.37037037037037035
0.6679021497405487,0.6866380543633762,0.31168831168831157,0.6823529411764706,0.1111111111111111
0.44329132690882134,0.41917024320457785,0.7662337662337662,0.588235294117647,0.0
0.40845070422535223,0.3765951359084405,0.6493506493506491,0.7176470588235293,0.018518518518518517
0.5937731653076355,0.5895278969957082,0.49350649350649345,0.588235294117647,0.27777777777777773
0.5997034840622685,0.5963376251788269,0.33766233766233755,0.5411764705882354,0.48148148148148145
0.4040029651593774,0.37138769670958505,0.6623376623376622,0.6588235294117646,0.3518518518518518
0.5789473684210527,0.5698426323319027,0.5974025974025972,0.6000000000000001,0.24074074074074076
0.32839140103780573,0.2836051502145922,0.4545454545454546,0.5294117647058822,0.0
0.5277983691623426,0.5170815450643776,0.46753246753246747,0.611764705882353,0.05555555555555555
0.7442550037064494,0.7674964234620886,0.35064935064935066,0.6705882352941175,0.16666666666666666
0.5552260934025204,0.5454077253218884,0.5064935064935063,0.4705882352941177,0.16666666666666666
0.3676797627872499,0.32972818311874097,0.857142857142857,0.6705882352941175,0.1111111111111111
0.5315048183839882,0.5119885550786837,0.48051948051948057,0.4823529411764706,0.5185185185185186
0.3446997776130467,0.30191702432045786,0.2597402597402596,0.5647058823529412,0.0
0.6767976278724982,0.6878969957081545,0.2597402597402596,0.5294117647058822,0.24074074074074076
0.7991104521868051,0.8341058655221746,0.48051948051948057,0.36470588235294116,0.2962962962962963
0.22461082283172726,0.16852646638054358,0.5454545454545456,0.776470588235294,0.05555555555555555
0.6048925129725723,0.6029756795422031,0.31168831168831157,0.39999999999999997,0.0
0.5270570793180134,0.5076394849785407,0.48051948051948057,0.5411764705882354,0.18518518518518517
0.37212750185322463,0.3347067238912732,0.5454545454545456,0.4588235294117647,0.2222222222222222
0.8598962194217941,0.895450643776824,0.5324675324675325,0.5294117647058822,0.1111111111111111
0.4166048925129726,0.38414878397711005,0.6103896103896103,0.6352941176470588,0.2222222222222222
0.301704966641957,0.258826895565093,0.5974025974025972,0.24705882352941183,0.12962962962962962
0.4166048925129726,0.383519313304721,0.6753246753246753,0.5647058823529412,0.07407407407407407
0.44329132690882134,0.41842632331902707,0.5454545454545456,0.4352941176470589,0.14814814814814814
0.34099332839140106,0.29876967095851215,0.4025974025974026,0.611764705882353,0.3333333333333333
0.44996293550778355,0.42609442060085834,0.5974025974025972,0.5647058823529412,0.0
0.5166790214974055,0.4957367668097281,0.5324675324675325,0.4470588235294118,0.24074074074074076
0.45070422535211263,0.426552217453505,0.6883116883116884,0.611764705882353,0.0
0.6945885841363975,0.7068955650929899,0.48051948051948057,0.411764705882353,0.2037037037037037
0.7887323943661972,0.8234620886981402,0.4025974025974026,0.6352941176470588,0.2962962962962963
0.5656041512231283,0.5530185979971388,0.5194805194805194,0.4941176470588235,0.0
0.41215715344699777,0.3802002861230328,0.22077922077922074,0.6823529411764706,0.2222222222222222
0.7116382505559675,0.7281258941344778,0.3896103896103895,0.4352941176470589,0.2037037037037037
0.4877687175685693,0.4559656652360514,0.1428571428571428,0.4470588235294118,0.3148148148148148
0.6063750926612307,0.6049213161659514,0.4155844155844155,0.34117647058823525,0.0
0.5344699777613048,0.5153648068669526,0.5194805194805194,0.38823529411764707,0.16666666666666666
0.46478873239436624,0.44314735336194555,0.37662337662337664,0.4352941176470589,0.18518518518518517
0.40770941438102304,0.3761945636623748,0.5454545454545456,0.588235294117647,0.25925925925925924
0.664195700518903,0.6750786838340485,0.46753246753246747,0.39999999999999997,0.6111111111111112
0.5833951074870275,0.571444921316166,0.5454545454545456,0.7411764705882353,0.05555555555555555
0.5226093402520386,0.511931330472103,0.6883116883116884,0.6352941176470588,0.3333333333333333
0.45737583395107495,0.43496423462088696,0.5974025974025972,0.35294117647058826,0.07407407407407407
0.3899184581171239,0.3550786838340486,0.5844155844155845,0.38823529411764707,0.05555555555555555
0.7361008154188289,0.7566809728183118,0.48051948051948057,0.411764705882353,0.2222222222222222
0.285396590066716,0.2341058655221745,0.5194805194805194,0.5529411764705883,0.07407407407407407
0.5833951074870275,0.5760801144492133,0.48051948051948057,0.5058823529411764,0.2962962962962963
0.4818383988139364,0.46454935622317595,0.48051948051948057,0.611764705882353,0.0
0.603409933283914,0.6010300429184549,0.5194805194805194,0.5764705882352941,0.18518518518518517
0.681245366938473,0.6923032904148784,0.5324675324675325,0.7058823529411764,0.24074074074074076
0.5137138621200891,0.5012303290414878,0.5844155844155845,0.7058823529411764,0.3333333333333333
0.40177909562639,0.3675536480686695,0.5324675324675325,0.5058823529411764,0.018518518518518517
0.4810971089696071,0.4627181688125894,0.5324675324675325,0.6470588235294117,0.0
0.5611564121571535,0.5460944206008583,0.5714285714285714,0.4235294117647059,0.12962962962962962
0.6263899184581172,0.6295851216022889,0.37662337662337664,0.4470588235294118,0.3333333333333333
0.530763528539659,0.5109012875536479,0.4415584415584415,0.2,0.3333333333333333
0.502594514455152,0.48949928469241777,0.5194805194805194,0.4705882352941177,0.0
0.5611564121571535,0.5464949928469242,0.4025974025974026,0.4705882352941177,0.0
0.6389918458117124,0.6441201716738197,0.4545454545454546,0.5411764705882354,0.14814814814814814
0.4618235730170497,0.44017167381974254,0.5324675324675325,0.588235294117647,0.0
0.33358042994810977,0.29155937052932757,0.6623376623376622,0.4941176470588235,0.0
0.21942179392142333,0.16389127324749642,0.7272727272727273,0.7058823529411764,0.0
0.5537435137138622,0.5380257510729612,0.46753246753246747,0.5411764705882354,0.48148148148148145
0.6241660489251298,0.6282689556509299,0.4415584415584415,0.24705882352941183,0.0
0.29058561897702007,0.24434907010014306,0.6623376623376622,0.6235294117647059,0.0
0.730911786508525,0.7513590844062946,0.6493506493506491,0.37647058823529417,0.0
0.5329873980726465,0.5210872675250356,0.31168831168831157,0.7058823529411764,0.0
0.624907338769459,0.6287267525035766,0.2597402597402596,0.4941176470588235,0.46296296296296297
0.5737583395107487,0.5620600858369097,0.5584415584415583,0.34117647058823525,0.24074074074074076
0.7279466271312084,0.7478111587982833,0.5324675324675325,0.36470588235294116,0.25925925925925924
0.6412157153446998,0.6468669527896996,0.6103896103896103,0.1882352941176471,0.3518518518518518
0.33358042994810977,0.29058655221745344,0.5324675324675325,0.8823529411764706,0.2962962962962963
0.6174944403261675,0.6045207439198855,0.3246753246753247,0.6470588235294117,0.0
0.5233506300963677,0.5026037195994277,0.5324675324675325,0.6235294117647059,0.27777777777777773
0.6241660489251298,0.628555078683834,0.2727272727272727,0.6470588235294117,0.09259259259259259
0.47961452928094883,0.4611731044349069,0.6753246753246753,0.5176470588235293,0.09259259259259259
0.38398813936249077,0.34941344778254646,0.49350649350649345,0.8,0.0
0.45663454410674575,0.41442060085836907,0.5974025974025972,0.28235294117647064,0.3518518518518518
0.6671608598962195,0.6773676680972817,0.33766233766233755,0.35294117647058826,0.4444444444444444
0.731653076352854,0.7519885550786837,0.4285714285714286,0.4941176470588235,0.25925925925925924
0.8005930318754635,0.8363948497854076,0.3896103896103895,0.4352941176470589,0.0
0.518902891030393,0.5080400572246065,0.33766233766233755,0.6823529411764706,0.0
0.46478873239436624,0.4256938483547925,0.46753246753246747,0.28235294117647064,0.3518518518518518
0.7716827279466272,0.802346208869814,0.5974025974025972,0.5058823529411764,0.3148148148148148
0.42994810971089703,0.40108726752503565,0.48051948051948057,0.7882352941176469,0.16666666666666666
0.51297257227576,0.5002002861230328,0.6883116883116884,0.6235294117647059,0.0
0.3580429948109711,0.316623748211731,0.4415584415584415,0.611764705882353,0.037037037037037035
0.6115641215715346,0.6012017167381974,0.5584415584415583,0.5529411764705883,0.0
0.6597479614529281,0.6692417739628039,0.5714285714285714,0.6000000000000001,0.2037037037037037
0.3750926612305412,0.3379685264663804,0.4285714285714286,0.5647058823529412,0.0
0.7561156412157155,0.7818597997138769,0.49350649350649345,0.5058823529411764,0.37037037037037035
0.641957005189029,0.6474964234620887,0.5454545454545456,0.4823529411764706,0.24074074074074076
0.6367679762787252,0.64206008583691,0.5064935064935063,0.7294117647058822,0.2037037037037037
0.49369903632320233,0.4779399141630901,0.5714285714285714,0.6588235294117646,0.16666666666666666
0.4395848776871758,0.4131044349070099,0.7012987012987011,0.4705882352941177,0.0
0.47071905114899937,0.4511587982832618,0.4415584415584415,0.6470588235294117,0.037037037037037035
0.469236471460341,0.4307296137339055,0.5454545454545456,0.5764705882352941,0.37037037037037035
0.31356560415122314,0.2698712446351931,0.5064935064935063,0.8,0.3148148148148148
0.26167531504818387,0.2078397711015736,0.2727272727272727,0.7647058823529411,0.18518518518518517
0.36323202372127505,0.32400572246065806,0.5194805194805194,0.611764705882353,0.3148148148148148
0.4032616753150482,0.3695565092989985,0.6623376623376622,0.6588235294117646,0.0
0.3802816901408451,0.3447782546494992,0.5714285714285714,0.5764705882352941,0.037037037037037035
0.7212750185322462,0.7400858369098712,0.49350649350649345,0.35294117647058826,0.24074074074074076
0.5337286879169756,0.5146781115879827,0.5844155844155845,0.4823529411764706,0.5185185185185186
0.2950333580429949,0.2512732474964233,0.33766233766233755,0.411764705882353,0.05555555555555555
0.6997776130467014,0.7133047210300428,0.4155844155844155,0.36470588235294116,0.18518518518518517
0.4329132690882136,0.404349070100143,0.49350649350649345,0.7058823529411764,0.0
0.24684951816160125,0.19467811158798276,0.5324675324675325,0.6000000000000001,0.05555555555555555
0.34025203854707187,0.2979685264663806,0.5454545454545456,0.6941176470588235,0.0
0.6315789473684211,0.6359370529327609,0.23376623376623362,0.4470588235294118,0.3148148148148148
0.5255744996293552,0.505579399141631,0.5584415584415583,0.30588235294117644,0.18518518518518517
0.6738324684951817,0.6845779685264662,0.22077922077922074,0.411764705882353,0.4074074074074074
0.518902891030393,0.4986552217453505,0.36363636363636354,0.611764705882353,0.3333333333333333
0.31430689399555234,0.27072961373390547,0.49350649350649345,0.5294117647058822,0.16666666666666666
0.29280948851000743,0.2482975679542203,0.4155844155844155,0.8588235294117648,0.037037037037037035
0.6879169755374352,0.7002575107296137,0.5064935064935063,0.4941176470588235,0.037037037037037035
0.36990363232023726,0.33218884120171677,0.5974025974025972,0.5764705882352941,0.0
0.46478873239436624,0.44274678111587973,0.48051948051948057,0.5176470588235293,0.0
0.346182357301705,0.3037482117310444,0.5064935064935063,0.7882352941176469,0.3148148148148148
0.6990363232023723,0.7113590844062946,0.37662337662337664,0.36470588235294116,0.37037037037037035
0.35507783543365457,0.3129041487839771,0.22077922077922074,0.6705882352941175,0.037037037037037035
0.7435137138621202,0.7665808297567954,0.5714285714285714,0.38823529411764707,0.27777777777777773
0.5937731653076355,0.5885550786838342,0.6753246753246753,0.36470588235294116,0.12962962962962962
0.5344699777613048,0.524062947067239,0.5194805194805194,0.7294117647058822,0.0
0.424759080800593,0.39393419170243194,0.2987012987012987,0.4352941176470589,0.0
0.3610081541882877,0.32085836909871246,0.4545454545454546,0.4235294117647059,0.18518518518518517
0.41215715344699777,0.3799713876967096,0.6363636363636365,0.4470588235294118,0.0
0.3661971830985916,0.32846924177396275,0.4415584415584415,0.6470588235294117,0.037037037037037035
0.6278724981467755,0.6311874105865521,0.5064935064935063,0.4823529411764706,0.3148148148148148
0.3580429948109711,0.3167954220314735,0.5974025974025972,0.6235294117647059,0.0
0.5055596738324685,0.49384835479256073,0.3896103896103895,0.4588235294117647,0.14814814814814814
0.30541141586360265,0.26243204577968526,0.3896103896103895,0.8941176470588235,0.3148148148148148
0.34321719792438843,0.3004291845493562,0.7402597402597404,0.6941176470588235,0.037037037037037035
0.5337286879169756,0.5143919885550786,0.6883116883116884,0.4588235294117647,0.2222222222222222
0.12824314306894,0.07753934191702427,0.5974025974025972,0.5294117647058822,0.07407407407407407
0.2876204595997035,0.23776824034334765,0.6883116883116884,0.7176470588235293,0.1111111111111111
0.4321719792438843,0.3763662374821173,0.4545454545454546,0.4823529411764706,0.4074074074074074
0.20978502594514456,0.15811158798283254,0.37662337662337664,0.4941176470588235,0.0
0.6160118606375093,0.6176824034334764,0.5714285714285714,0.5294117647058822,0.05555555555555555
0.6404744255003707,0.6463519313304721,0.5584415584415583,0.38823529411764707,0.3148148148148148
0.35507783543365457,0.3124463519313305,0.5714285714285714,0.39999999999999997,0.1111111111111111
0.6115641215715346,0.6113876967095851,0.4415584415584415,0.22352941176470592,0.27777777777777773
0.535952557449963,0.517997138769671,0.4155844155844155,0.4235294117647059,0.14814814814814814
0.5819125277983693,0.5740200286123033,0.6753246753246753,0.22352941176470592,0.0
0.3676797627872499,0.33030042918454927,0.35064935064935066,0.611764705882353,0.09259259259259259
0.7509266123054115,0.7736766809728183,0.24675324675324672,0.1882352941176471,0.4259259259259259
0.5900667160859897,0.5844349070100142,0.3246753246753247,0.1647058823529412,0.37037037037037035
0.5070422535211269,0.49499284692417733,0.49350649350649345,0.8117647058823529,0.018518518518518517
0.3002223869532987,0.2565951359084405,0.3896103896103895,0.5647058823529412,0.09259259259259259
0.4114158636026687,0.37899856938483545,0.4415584415584415,0.776470588235294,0.09259259259259259
0.33506300963676805,0.29258941344778244,0.5584415584415583,0.588235294117647,0.0
0.15715344699777614,0.10185979971387693,0.5324675324675325,0.7411764705882353,0.0
0.5233506300963677,0.511931330472103,0.7402597402597404,0.5764705882352941,0.1111111111111111
0.2646404744255004,0.21024320457796852,0.8181818181818181,0.7411764705882353,0.0
0.42031134173461837,0.3883834048640915,0.5454545454545456,0.611764705882353,0.0
0.6456634544106746,0.6528183118741059,0.5844155844155845,0.6588235294117646,0.05555555555555555
0.6597479614529281,0.6688412017167381,0.4545454545454546,0.6000000000000001,0.2222222222222222
0.42179392142327654,0.3910157367668097,0.5974025974025972,0.776470588235294,0.1111111111111111
0.34025203854707187,0.29779685264663813,0.5194805194805194,0.6705882352941175,0.07407407407407407
0.43587842846553004,0.4084692417739627,0.6753246753246753,0.5411764705882354,0.18518518518518517
0.5841363973313566,0.5772246065808296,0.7792207792207793,0.34117647058823525,0.37037037037037035
0.4988880652335064,0.4844062947067238,0.46753246753246747,0.7411764705882353,0.2037037037037037
0.782060785767235,0.8136194563662374,0.46753246753246747,0.4705882352941177,0.2962962962962963
0.4262416604892514,0.3964520743919885,0.5844155844155845,0.8588235294117648,0.14814814814814814
0.6263899184581172,0.6295278969957082,0.4285714285714286,0.32941176470588235,0.2222222222222222
0.619718309859155,0.6226037195994277,0.5584415584415583,0.5529411764705883,0.14814814814814814
0.4885100074128985,0.4722174535050071,0.4285714285714286,0.5529411764705883,0.2962962962962963
0.1245366938472943,0.06397711015736762,0.5324675324675325,0.6352941176470588,0.0
0.6693847294292069,0.678969957081545,0.35064935064935066,0.4470588235294118,0.12962962962962962
0.5455893254262417,0.5340200286123032,0.5324675324675325,0.8,0.0
0.40622683469236476,0.37396280400572246,0.5194805194805194,0.5411764705882354,0.07407407407407407
0.3232023721275019,0.2799999999999999,0.4415584415584415,0.5294117647058822,0.09259259259259259
0.5908080059303188,0.5850643776824035,0.46753246753246747,0.4235294117647059,0.0
0.7435137138621202,0.767095851216023,0.35064935064935066,0.4235294117647059,0.0
0.452186805040771,0.4034334763948497,0.37662337662337664,0.4235294117647059,0.14814814814814814
0.44477390659747973,0.4205436337625178,0.6493506493506491,0.6705882352941175,0.0
0.257227575982209,0.20286123032904146,0.7012987012987011,0.5411764705882354,0.0
0.5137138621200891,0.5014020028612303,0.7142857142857142,0.5647058823529412,0.018518518518518517
0.4551519644180875,0.4327324749642345,0.4415584415584415,0.588235294117647,0.3518518518518518
0.5003706449221647,0.48806866952789707,0.48051948051948057,0.4705882352941177,0.3148148148148148
0.6026686434395849,0.5946208869814019,0.7922077922077924,0.6941176470588235,0.0
0.47887323943661975,0.4607153075822604,0.5714285714285714,0.4705882352941177,0.2222222222222222
0.46553002223869544,0.4440629470672389,0.6233766233766234,0.7176470588235293,0.2222222222222222
0.6063750926612307,0.6053218884120172,0.3896103896103895,0.4588235294117647,0.07407407407407407
0.6219421793921424,0.6255793991416309,0.31168831168831157,0.5529411764705883,0.3148148148148148
0.32839140103780573,0.28354792560801145,0.5714285714285714,0.29411764705882354,0.07407407407407407
0.8272794662713121,0.8724463519313305,0.7142857142857142,0.5294117647058822,0.25925925925925924
0.5930318754633063,0.5880972818311875,0.36363636363636354,0.36470588235294116,0.24074074074074076
0.37212750185322463,0.3351645207439199,0.7012987012987011,0.588235294117647,0.018518518518518517
0.6530763528539659,0.6620314735336194,0.7402597402597404,0.411764705882353,0.3148148148148148
0.39140103780578206,0.3565092989985693,0.7922077922077924,0.4823529411764706,0.0
0.6315789473684211,0.6362804005722459,0.4415584415584415,0.4470588235294118,0.5925925925925926
0.5737583395107487,0.5622317596566523,0.46753246753246747,0.4941176470588235,0.3518518518518518
0.6901408450704226,0.7023175965665237,0.2857142857142856,0.5647058823529412,0.14814814814814814
0.5085248332097851,0.4862374821173103,0.33766233766233755,0.611764705882353,0.27777777777777773
0.569310600444774,0.5558226037195994,0.4155844155844155,0.5529411764705883,0.3148148148148148
0.6708673091178652,0.681316165951359,0.24675324675324672,0.37647058823529417,0.0
0.32690882134914756,0.2821745350500715,0.4155844155844155,0.411764705882353,0.25925925925925924
0.5470719051149,0.5290987124463519,0.5714285714285714,0.5176470588235293,0.3518518518518518
0.4314306893995552,0.4030329041487839,0.5454545454545456,0.5647058823529412,0.1111111111111111
0.4240177909562639,0.39273247496423447,0.5064935064935063,0.6470588235294117,0.0
0.5270570793180134,0.5154792560801144,0.6233766233766234,0.411764705882353,0.0
0.5485544848035582,0.5375107296137339,0.5454545454545456,0.5529411764705883,0.18518518518518517
0.6375092661230543,0.6436051502145922,0.37662337662337664,0.25882352941176473,0.37037037037037035
0.4759080800593033,0.45608011444921315,0.49350649350649345,0.5294117647058822,0.48148148148148145
0.8235730170496665,0.8671816881258941,0.4025974025974026,0.2117647058823529,0.37037037037037035
0.5833951074870275,0.5715593705293275,0.4155844155844155,0.411764705882353,0.018518518518518517
0.22609340252038548,0.1693848354792561,0.5064935064935063,0.4470588235294118,0.037037037037037035
0.32023721275018535,0.2754792560801145,0.4545454545454546,0.4823529411764706,0.2037037037037037
0.6160118606375093,0.6177968526466381,0.3896103896103895,0.5176470588235293,0.46296296296296297
0.5952557449962936,0.590557939914163,0.5064935064935063,0.4235294117647059,0.48148148148148145
0.6553002223869534,0.6646638054363375,0.35064935064935066,0.34117647058823525,0.24074074074074076
0.41512231282431433,0.38203147353361944,0.5974025974025972,0.411764705882353,0.3888888888888889
0.613787991104522,0.6150500715307582,0.5584415584415583,0.6705882352941175,0.018518518518518517
0.38398813936249077,0.34901287553648064,0.5844155844155845,0.4705882352941177,0.0
0.7405485544848036,0.7633190271816882,0.5974025974025972,0.34117647058823525,0.0
0.2883617494440326,0.23919885550786835,0.4155844155844155,0.5529411764705883,0.0
0.5715344699777614,0.5612017167381974,0.46753246753246747,0.4941176470588235,0.0
0.781319495922906,0.8123605150214591,0.2727272727272727,0.4470588235294118,0.49999999999999994
0.44848035581912526,0.42363376251788265,0.33766233766233755,0.5529411764705883,0.14814814814814814
0.45070422535211263,0.4266094420600858,0.5584415584415583,0.6823529411764706,0.0
0.7190511489992588,0.7373390557939915,0.4545454545454546,0.6823529411764706,0.0
0.49444032616753164,0.4793705293276108,0.4025974025974026,0.611764705882353,0.0
0.5819125277983693,0.5727038626609441,0.7402597402597404,0.5058823529411764,0.1111111111111111
0.5826538176426984,0.5753934191702431,0.6363636363636365,0.4470588235294118,0.3518518518518518
0.5945144551519645,0.5903290414878396,0.6233766233766234,0.27058823529411763,0.0
0.7160859896219423,0.7346494992846923,0.5324675324675325,0.4235294117647059,0.2222222222222222
0.7027427724240178,0.715593705293276,0.4545454545454546,0.588235294117647,0.2962962962962963
0.5389177168272795,0.5265808297567954,0.5714285714285714,0.4705882352941177,0.18518518518518517
0.3320978502594515,0.28886981402002865,0.31168831168831157,0.7411764705882353,0.1111111111111111
0.535952557449963,0.5182832618025751,0.5324675324675325,0.411764705882353,0.0
0.7205337286879171,0.7392274678111587,0.5324675324675325,0.5529411764705883,0.27777777777777773
0.8799110452186807,0.9222889842632332,0.5064935064935063,0.5764705882352941,0.2037037037037037
0.5270570793180134,0.514964234620887,0.753246753246753,0.5529411764705883,0.14814814814814814
0.35063009636767983,0.3087267525035765,0.5324675324675325,0.5529411764705883,0.3518518518518518
0.6723498888065234,0.6826895565092991,0.46753246753246747,0.411764705882353,0.037037037037037035
0.2364714603409934,0.18065808297567953,0.5064935064935063,0.6941176470588235,0.18518518518518517
0.34840622683469236,0.3058655221745351,0.4155844155844155,0.7647058823529411,0.0
0.34914751667902155,0.306552217453505,0.6493506493506491,0.5176470588235293,0.0
0.7383246849518162,0.7602288984263234,0.4025974025974026,0.411764705882353,0.3518518518518518
0.39955522609340255,0.364692417739628,0.7142857142857142,0.4705882352941177,0.25925925925925924
0.28465530022238694,0.2341058655221745,0.6233766233766234,0.4588235294117647,0.0
0.42031134173461837,0.38849785407725324,0.6883116883116884,0.588235294117647,0.0
0.4877687175685693,0.4719313304721029,0.7792207792207793,0.4588235294117647,0.0
0.8080059303187548,0.8475536480686695,0.3896103896103895,0.39999999999999997,0.2222222222222222
0.4670126019273536,0.4458369098712446,0.5714285714285714,0.6000000000000001,0.0
0.35581912527798376,0.3140486409155936,0.5324675324675325,0.6588235294117646,0.037037037037037035
0.6730911786508526,0.6834334763948496,0.31168831168831157,0.32941176470588235,0.14814814814814814
0.5085248332097851,0.4963090128755365,0.4415584415584415,0.8235294117647058,0.0
0.8065233506300964,0.8456080114449213,0.48051948051948057,0.4941176470588235,0.07407407407407407
0.2942920681986657,0.24984263233190263,0.2987012987012987,0.8117647058823529,0.09259259259259259
0.7108969607116384,0.7266952789699571,0.4155844155844155,0.38823529411764707,0.16666666666666666
0.4025203854707191,0.36852646638054354,0.6623376623376622,0.6352941176470588,0.2962962962962963
0.4951816160118607,0.4802288984263233,0.6493506493506491,0.39999999999999997,0.09259259259259259
0.7138621200889549,0.7313304721030042,0.3896103896103895,0.588235294117647,0.16666666666666666
0.41957005189028906,0.3882689556509299,0.6233766233766234,0.5411764705882354,0.0
0.7679762787249816,0.7982260371959943,0.5584415584415583,0.5647058823529412,0.3888888888888889
0.5900667160859897,0.5847210300429183,0.2727272727272727,0.23529411764705882,0.27777777777777773
0.19051148999258713,0.13527896995708155,0.7012987012987011,0.5294117647058822,0.018518518518518517
0.43661971830985913,0.40944206008583683,0.4415584415584415,0.8470588235294116,0.0
0.6901408450704226,0.7023175965665237,0.4025974025974026,0.4470588235294118,0.3333333333333333
0.5226093402520386,0.502145922746781,0.5844155844155845,0.5411764705882354,0.09259259259259259
0.6078576723498889,0.6059513590844062,0.4285714285714286,0.5294117647058822,0.3888888888888889
0.4395848776871758,0.4132188841201716,0.4415584415584415,0.6352941176470588,0.0
0.6997776130467014,0.7120457796852645,0.33766233766233755,0.4470588235294118,0.14814814814814814
0.5878428465530023,0.5773962804005722,0.2987012987012987,0.7176470588235293,0.0
0.5329873980726465,0.5211444921316167,0.5974025974025972,0.4941176470588235,0.0
0.6004447739065976,0.5926752503576539,0.805194805194805,0.4705882352941177,0.0
0.680504077094144,0.6916738197424893,0.4155844155844155,0.5294117647058822,0.12962962962962962
0.5455893254262417,0.5340200286123032,0.5454545454545456,0.5764705882352941,0.25925925925925924
0.4047442550037065,0.3719027181688126,0.5714285714285714,0.7176470588235293,0.0
0.4885100074128985,0.47233190271816883,0.6493506493506491,0.35294117647058826,0.0
0.6412157153446998,0.647038626609442,0.6233766233766234,0.6823529411764706,0.27777777777777773
0.4684951816160119,0.44835479256080113,0.3246753246753247,0.5411764705882354,0.07407407407407407
0.3899184581171239,0.35559370529327605,0.4415584415584415,0.5058823529411764,0.0
0.5048183839881394,0.49167381974248925,0.7012987012987011,0.4352941176470589,0.2222222222222222
0.5003706449221647,0.4871530758226036,0.48051948051948057,0.4705882352941177,0.4074074074074074
0.3009636767976278,0.25802575107296133,0.4155844155844155,0.5647058823529412,0.27777777777777773
0.352112676056338,0.3098712446351931,0.5844155844155845,0.6705882352941175,0.3148148148148148
0.3884358784284655,0.35370529327610867,0.4415584415584415,0.5294117647058822,0.2962962962962963
0.5811712379540401,0.5717310443490701,0.5324675324675325,0.411764705882353,0.46296296296296297
0.6523350630096368,0.6611158798283262,0.5714285714285714,0.4352941176470589,0.07407407407407407
0.2950333580429949,0.2516165951359084,0.6883116883116884,0.6235294117647059,0.12962962962962962
0.6493699036323204,0.657739628040057,0.49350649350649345,0.4352941176470589,0.3333333333333333
0.6256486286137881,0.6291273247496422,0.3246753246753247,0.4705882352941177,0.07407407407407407
0.714603409933284,0.7316165951359085,0.5454545454545456,0.36470588235294116,0.5925925925925926
0.37212750185322463,0.335450643776824,0.5194805194805194,0.5294117647058822,0.0
0.5159377316530764,0.4941917024320458,0.48051948051948057,0.4352941176470589,0.18518518518518517
0.4759080800593033,0.44297567954220307,0.4285714285714286,0.6823529411764706,0.14814814814814814
0.30467012601927357,0.2610586552217453,0.4285714285714286,0.5058823529411764,0.07407407407407407
0.3825055596738325,0.3467811158798284,0.4545454545454546,0.4235294117647059,0.1111111111111111
0.5567086730911788,0.5419742489270386,0.16883116883116878,0.5058823529411764,0.16666666666666666
0.44477390659747973,0.3944492131616595,0.4025974025974026,0.38823529411764707,0.1111111111111111
0.5804299481097109,0.5707010014306152,0.23376623376623362,0.4235294117647059,0.05555555555555555
0.42994810971089703,0.4008583690987124,0.4545454545454546,0.8117647058823529,0.4259259259259259
0.48702742772424024,0.4545922746781115,0.49350649350649345,0.34117647058823525,0.1111111111111111
0.3965900667160861,0.3608583690987124,0.7272727272727273,0.7529411764705882,0.037037037037037035
0.742031134173462,0.7646924177396278,0.48051948051948057,0.5764705882352941,0.2962962962962963
0.6026686434395849,0.6005722460658084,0.49350649350649345,0.4352941176470589,0.09259259259259259
0.3810229799851742,0.34529327610872673,0.5194805194805194,0.5764705882352941,0.3333333333333333
0.6649369903632321,0.6861230329041487,0.5714285714285714,0.4705882352941177,0.27777777777777773
0.6708673091178652,0.6802861230329039,0.4285714285714286,0.4705882352941177,0.0
0.36323202372127505,0.32463519313304723,0.5714285714285714,0.5058823529411764,0.2962962962962963
0.5848776871756858,0.5780257510729615,0.36363636363636354,0.5058823529411764,0.0
0.45663454410674575,0.43399141630901283,0.4285714285714286,0.7529411764705882,0.25925925925925924
0.3795404002965159,0.3432904148783976,0.46753246753246747,0.776470588235294,0.25925925925925924
0.5063009636767977,0.49499284692417733,0.7662337662337662,0.5647058823529412,0.1111111111111111
0.6856931060044479,0.6967668097281831,0.4285714285714286,0.5176470588235293,0.0
0.5166790214974055,0.4950500715307582,0.36363636363636354,0.4235294117647059,0.3333333333333333
0.37805782060785775,0.34151645207439196,0.5324675324675325,0.4235294117647059,0.05555555555555555
0.6323202372127503,0.6367381974248926,0.4415584415584415,0.05882352941176472,0.6481481481481481
0.5685693106004449,0.554563662374821,0.5064935064935063,0.4352941176470589,0.0
0.3817642698295033,0.3004291845493562,0.4285714285714286,0.32941176470588235,0.37037037037037035
0.563380281690141,0.5485550786838341,0.5844155844155845,0.776470588235294,0.5185185185185186
0.5255744996293552,0.5141058655221745,0.5454545454545456,0.588235294117647,0.0
0.49147516679021497,0.47616595135908435,0.7142857142857142,0.5411764705882354,0.574074074074074
0.47813194959229066,0.46025751072961363,0.4285714285714286,0.4705882352941177,0.07407407407407407
0.44996293550778355,0.4251216022889843,0.48051948051948057,0.6705882352941175,0.0
0.5300222386953299,0.5095278969957081,0.5194805194805194,0.36470588235294116,0.5555555555555556
0.6063750926612307,0.6048640915593705,0.37662337662337664,0.38823529411764707,0.018518518518518517
0.44255003706449225,0.41745350500715306,0.4025974025974026,0.6000000000000001,0.25925925925925924
0.6567828020756117,0.66552217453505,0.5714285714285714,0.35294117647058826,0.09259259259259259
0.5196441808747221,0.5091845493562231,0.31168831168831157,0.6705882352941175,0.05555555555555555
0.4662713120830245,0.4452074391988555,0.5064935064935063,0.6941176470588235,0.07407407407407407
0.46256486286137877,0.44068669527897,0.6493506493506491,0.5411764705882354,0.0
0.3009636767976278,0.2580829756795422,0.5064935064935063,0.7882352941176469,0.18518518518518517
0.6234247590808006,0.627238912732475,0.4415584415584415,0.34117647058823525,0.37037037037037035
0.5337286879169756,0.5225178826895563,0.36363636363636354,0.4352941176470589,0.0
0.659006671608599,0.6679256080114447,0.4025974025974026,0.5764705882352941,0.537037037037037
0.6567828020756117,0.6662088698140199,0.5584415584415583,0.35294117647058826,0.16666666666666666
0.7294292068198667,0.750557939914163,0.5324675324675325,0.5058823529411764,0.25925925925925924
0.44996293550778355,0.39868383404864094,0.4545454545454546,0.35294117647058826,0.4259259259259259
0.6553002223869534,0.6646638054363375,0.4415584415584415,0.5529411764705883,0.0
0.31430689399555234,0.27050071530758224,0.5714285714285714,0.776470588235294,0.0
0.3758339510748703,0.33894134477825466,0.49350649350649345,0.4823529411764706,0.2222222222222222
0.5374351371386213,0.5203433476394849,0.33766233766233755,0.588235294117647,0.3333333333333333
0.31949592290585616,0.2750214592274677,0.6233766233766234,0.5764705882352941,0.3333333333333333
0.3306152705707932,0.28572246065808293,0.4025974025974026,0.5647058823529412,0.018518518518518517
0.7264640474425501,0.7459227467811159,0.5064935064935063,0.4470588235294118,0.3518518518518518
0.31949592290585616,0.2748497854077252,0.8701298701298701,0.588235294117647,0.0
0.295774647887324,0.25224606580829756,0.46753246753246747,0.7176470588235293,0.2037037037037037
0.6708673091178652,0.6809155937052932,0.49350649350649345,0.5529411764705883,0.24074074074074076
0.3661971830985916,0.3288125894134477,0.5844155844155845,0.6941176470588235,0.07407407407407407
0.6338028169014085,0.6391988555078684,0.6233766233766234,0.5058823529411764,0.1111111111111111
0.4240177909562639,0.3929613733905579,0.6883116883116884,0.411764705882353,0.18518518518518517
0.6493699036323204,0.6580829756795422,0.37662337662337664,0.5647058823529412,0.24074074074074076
0.6234247590808006,0.6267811158798283,0.6493506493506491,0.4235294117647059,0.24074074074074076
0.681245366938473,0.6919027181688125,0.36363636363636354,0.588235294117647,0.07407407407407407
0.5292809488510007,0.508898426323319,0.5974025974025972,0.25882352941176473,0.14814814814814814
0.49147516679021497,0.4756509298998569,0.31168831168831157,0.5176470588235293,0.0
0.6760563380281691,0.6867525035765379,0.5324675324675325,0.32941176470588235,0.6481481481481481
0.6219421793921424,0.6250643776824035,0.5974025974025972,0.5058823529411764,0.2222222222222222
0.5871015567086733,0.5808869814020029,0.5714285714285714,0.4352941176470589,0.49999999999999994
0.6093402520385471,0.608412017167382,0.48051948051948057,0.4705882352941177,0.12962962962962962
0.5989621942179393,0.5951931330472103,0.20779220779220764,0.31764705882352945,0.25925925925925924
0.42698295033358047,0.3974821173104435,0.4545454545454546,0.6000000000000001,0.0
0.42698295033358047,0.397310443490701,0.4415584415584415,0.6705882352941175,0.12962962962962962
0.6849518161601187,0.6954506437768239,0.4545454545454546,0.611764705882353,0.27777777777777773
0.8421052631578949,0.8857796852646639,0.2857142857142856,0.39999999999999997,0.3148148148148148
0.5648628613787992,0.5525608011444921,0.49350649350649345,0.5764705882352941,0.0
0.6760563380281691,0.6866952789699571,0.4285714285714286,0.36470588235294116,0.12962962962962962
0.647887323943662,0.6561945636623748,0.49350649350649345,0.6705882352941175,0.5925925925925926
0.34321719792438843,0.300829756795422,0.36363636363636354,0.6588235294117646,0.0
0.3676797627872499,0.3302432045779685,0.6883116883116884,0.4823529411764706,0.09259259259259259
0.5159377316530764,0.4935622317596565,0.4025974025974026,0.6823529411764706,0.05555555555555555
0.32023721275018535,0.2761659513590844,0.4155844155844155,0.4941176470588235,0.0
0.45070422535211263,0.4267238912732475,0.6363636363636365,0.4823529411764706,0.0
0.4047442550037065,0.37173104434907,0.3896103896103895,0.7176470588235293,0.0
0.36397331356560414,0.32503576537911294,0.7662337662337662,0.6000000000000001,0.05555555555555555
0.47220163083765754,0.4519599427753934,0.5844155844155845,0.588235294117647,0.16666666666666666
0.563380281690141,0.5480400572246066,0.6363636363636365,0.31764705882352945,0.4074074074074074
0.6145292809488511,0.6163090128755365,0.5324675324675325,0.5647058823529412,0.5925925925925926
0.7835433654558934,0.8161945636623748,0.33766233766233755,0.22352941176470592,0.24074074074074076
0.7279466271312084,0.7487839771101573,0.5324675324675325,0.4235294117647059,0.5925925925925926
0.5789473684210527,0.5697854077253218,0.3246753246753247,0.4588235294117647,0.3518518518518518
0.7361008154188289,0.7574248927038626,0.5064935064935063,0.6000000000000001,0.2222222222222222
0.39214232765011126,0.35776824034334764,0.6233766233766234,0.7058823529411764,0.0
0.6649369903632321,0.6758226037195995,0.2727272727272727,0.4823529411764706,0.3148148148148148
0.4610822831727206,0.439656652360515,0.6233766233766234,0.5764705882352941,0.05555555555555555
0.41882876204596,0.3873533619456365,0.6233766233766234,0.5529411764705883,0.2037037037037037
0.5937731653076355,0.5894706723891273,0.24675324675324672,0.5058823529411764,0.0
0.6693847294292069,0.6788555078683832,0.23376623376623362,0.4823529411764706,0.0
0.708673091178651,0.7248068669527895,0.4285714285714286,0.39999999999999997,0.018518518518518517
0.5782060785767236,0.5681258941344777,0.46753246753246747,0.5176470588235293,0.09259259259259259
0.4314306893995552,0.4033190271816881,0.9350649350649352,0.8,0.07407407407407407
0.6382505559673833,0.6436051502145922,0.5454545454545456,0.6000000000000001,0.0
0.725722757598221,0.7452932761087266,0.5974025974025972,0.5647058823529412,0.3333333333333333
0.3254262416604893,0.2817739628040057,0.4415584415584415,0.611764705882353,0.3148148148148148
0.659006671608599,0.6680972818311873,0.2987012987012987,0.4705882352941177,0.0
0.5255744996293552,0.5054649499284692,0.4545454545454546,0.32941176470588235,0.3888888888888889
0.5070422535211269,0.4953361945636623,0.5194805194805194,0.5647058823529412,0.018518518518518517
0.5856189770200149,0.5788268955650929,0.48051948051948057,0.6235294117647059,0.05555555555555555
0.530763528539659,0.5111301859799714,0.2857142857142856,0.4823529411764706,0.4074074074074074
0.34173461823573026,0.29934191702432034,0.8441558441558443,0.611764705882353,0.0
0.5589325426241661,0.5480400572246066,0.35064935064935066,0.5764705882352941,0.14814814814814814
0.7227575982209046,0.7422603719599427,0.5844155844155845,0.411764705882353,0.24074074074074076
0.35730170496664204,0.3159370529327611,0.5194805194805194,0.5058823529411764,0.16666666666666666
0.7116382505559675,0.7285264663805436,0.5844155844155845,0.37647058823529417,0.14814814814814814
0.608598962194218,0.6075536480686695,0.5844155844155845,0.29411764705882354,0.0
0.3587842846553002,0.31828326180257505,0.5714285714285714,0.6000000000000001,0.07407407407407407
0.5485544848035582,0.5319599427753933,0.8181818181818181,0.36470588235294116,0.1111111111111111
0.42846553002223875,0.39908440629470665,0.5584415584415583,0.5529411764705883,0.2962962962962963
0.5441067457375836,0.5264663805436337,0.46753246753246747,0.4235294117647059,0.27777777777777773
0.5537435137138622,0.5435765379113019,0.2727272727272727,0.5529411764705883,0.18518518518518517
0.2579688658265382,0.20469241773962799,0.6103896103896103,0.5764705882352941,0.18518518518518517
0.5107487027427725,0.4884692417739628,0.33766233766233755,0.4588235294117647,0.1111111111111111
0.535952557449963,0.517997138769671,0.5194805194805194,0.4705882352941177,0.0
0.659006671608599,0.6682689556509299,0.5454545454545456,0.39999999999999997,0.27777777777777773
0.3891771682727948,0.3540486409155936,0.5064935064935063,0.5411764705882354,0.0
0.6649369903632321,0.6755364806866954,0.5974025974025972,0.411764705882353,0.25925925925925924
0.42179392142327654,0.391244635193133,0.7012987012987011,0.6588235294117646,0.0
0.3610081541882877,0.32074391988555073,0.4025974025974026,0.4352941176470589,0.0
0.47071905114899937,0.4512732474964235,0.5974025974025972,0.8235294117647058,0.0
0.6330615270570794,0.6374821173104434,0.36363636363636354,0.6235294117647059,0.0
0.47887323943661975,0.4452646638054363,0.4415584415584415,0.5411764705882354,0.018518518518518517
0.647887323943662,0.6562517882689557,0.46753246753246747,0.4588235294117647,0.4444444444444444
0.5626389918458118,0.5478111587982833,0.6103896103896103,0.4352941176470589,0.1111111111111111
0.45737583395107495,0.41613733905579386,0.49350649350649345,0.6705882352941175,0.05555555555555555
0.6916234247590808,0.7036337625178827,0.33766233766233755,0.38823529411764707,0.16666666666666666
0.6375092661230543,0.6428040057224605,0.5974025974025972,0.4941176470588235,0.05555555555555555
0.4677538917716827,0.44675250357653795,0.5324675324675325,0.6235294117647059,0.0
0.4388435878428466,0.4122460658082976,0.7012987012987011,0.4705882352941177,0.2222222222222222
0.7657524091919942,0.7922174535050069,0.4415584415584415,0.4941176470588235,0.0
0.5856189770200149,0.5785979971387697,0.4545454545454546,0.5529411764705883,0.16666666666666666
0.37138621200889554,0.3336766809728182,0.6233766233766234,0.9058823529411764,0.24074074074074076
0.4744255003706449,0.4540200286123032,0.37662337662337664,0.4823529411764706,0.14814814814814814
0.6730911786508526,0.6835479256080114,0.4545454545454546,0.4705882352941177,0.27777777777777773
0.5715344699777614,0.5591416309012874,0.7792207792207793,0.4235294117647059,0.4074074074074074
0.46256486286137877,0.42489270386266087,0.6233766233766234,0.35294117647058826,0.18518518518518517
0.8169014084507045,0.856423462088698,0.5844155844155845,0.5529411764705883,0.4259259259259259
0.38472942920681996,0.3496423462088698,0.46753246753246747,0.4823529411764706,0.018518518518518517
0.4166048925129726,0.38374821173104423,0.6103896103896103,0.6470588235294117,0.1111111111111111
0.7131208302446258,0.7303004291845493,0.49350649350649345,0.6588235294117646,0.12962962962962962
0.4551519644180875,0.4317024320457796,0.7142857142857142,0.6941176470588235,0.09259259259259259
0.3091178650852483,0.2659799713876967,0.6883116883116884,0.4705882352941177,0.0
0.563380281690141,0.5483261802575107,0.3896103896103895,0.5647058823529412,0.25925925925925924
0.39140103780578206,0.3567954220314735,0.49350649350649345,0.6705882352941175,0.07407407407407407
0.731653076352854,0.7528469241773962,0.4155844155844155,0.5647058823529412,0.24074074074074076
0.3595255744996294,0.3190271816881258,0.6883116883116884,0.4823529411764706,0.0
0.7049666419570053,0.7193705293276108,0.6233766233766234,0.5529411764705883,0.0
0.5596738324684952,0.5441487839771101,0.48051948051948057,0.611764705882353,0.3333333333333333
0.5040770941438103,0.47977110157367664,0.36363636363636354,0.4941176470588235,0.24074074074074076
0.45589325426241656,0.43296137339055785,0.5584415584415583,0.4941176470588235,0.0
0.4166048925129726,0.3836909871244635,0.6883116883116884,0.5058823529411764,0.0
0.5952557449962936,0.587238912732475,0.2727272727272727,0.6823529411764706,0.25925925925925924
0.7968865826538178,0.831874105865522,0.36363636363636354,0.5647058823529412,0.0
0.49369903632320233,0.47759656652360516,0.46753246753246747,0.588235294117647,0.14814814814814814
0.5678280207561156,0.5560515021459228,0.46753246753246747,0.776470588235294,0.0
0.4106745737583396,0.3789413447782546,0.5324675324675325,0.6823529411764706,0.24074074074074076
0.7538917716827281,0.777796852646638,0.7012987012987011,0.5411764705882354,0.09259259259259259
0.4595997034840623,0.41991416309012863,0.6753246753246753,0.588235294117647,0.037037037037037035
0.37731653076352867,0.34094420600858366,0.5714285714285714,0.6705882352941175,0.0
0.4373610081541883,0.4103576537911301,0.5324675324675325,0.5411764705882354,0.07407407407407407
0.31875463306152707,0.27439198855507874,0.5714285714285714,0.7176470588235293,0.018518518518518517
0.5411415863602669,0.5228612303290415,0.5194805194805194,0.6000000000000001,0.07407407407407407
0.6471460340993329,0.6547639484978541,0.5064935064935063,0.5176470588235293,0.3333333333333333
0.6738324684951817,0.684349070100143,0.35064935064935066,0.28235294117647064,0.24074074074074076
0.7561156412157155,0.7816881258941345,0.5454545454545456,0.6000000000000001,0.49999999999999994
0.5329873980726465,0.5133047210300429,0.6623376623376622,0.6000000000000001,0.49999999999999994
0.641957005189029,0.647038626609442,0.35064935064935066,0.411764705882353,0.27777777777777773
0.5937731653076355,0.5887839771101574,0.5324675324675325,0.611764705882353,0.4074074074074074
0.49221645663454416,0.47645207439198856,0.3896103896103895,0.5647058823529412,0.018518518518518517
0.29280948851000743,0.24709585121602284,0.3896103896103895,0.611764705882353,0.4074074074074074
0.3157894736842105,0.27164520743919873,0.3246753246753247,0.5764705882352941,0.0
0.34914751667902155,0.30649499284692405,0.6493506493506491,0.9176470588235293,0.0
0.3676797627872499,0.3301287553648068,0.6103896103896103,0.611764705882353,0.07407407407407407
0.40845070422535223,0.37711015736766806,0.4545454545454546,0.5647058823529412,0.05555555555555555
0.38621200889547813,0.35130185979971384,0.5714285714285714,0.6235294117647059,0.09259259259259259
0.5685693106004449,0.5546208869814021,0.4415584415584415,0.5058823529411764,0.4074074074074074
0.24981467753891776,0.19839771101573678,0.37662337662337664,0.4705882352941177,0.0
0.6160118606375093,0.6174535050071531,0.5974025974025972,0.36470588235294116,0.2037037037037037
0.4981467753891772,0.47284692417739616,0.46753246753246747,0.4352941176470589,0.5555555555555556
0.5492957746478874,0.5329327610872675,0.2987012987012987,0.611764705882353,0.24074074074074076
0.301704966641957,0.25831187410586554,0.6103896103896103,0.776470588235294,0.3148148148148148
0.6575240919199408,0.6670672389127325,0.5714285714285714,0.30588235294117644,0.25925925925925924
0.6323202372127503,0.6366809728183119,0.46753246753246747,0.38823529411764707,0.37037037037037035
0.41586360266864353,0.3833476394849785,0.6103896103896103,0.38823529411764707,0.3518518518518518
0.3587842846553002,0.31771101573676674,0.46753246753246747,0.611764705882353,0.0
0.6108228317272054,0.6101859799713877,0.4155844155844155,0.39999999999999997,0.574074074074074
0.5945144551519645,0.589928469241774,0.6493506493506491,0.36470588235294116,0.16666666666666666
0.4810971089696071,0.44801144492131617,0.4415584415584415,0.5058823529411764,0.24074074074074076
0.32839140103780573,0.2840057224606579,0.6883116883116884,0.6941176470588235,0.09259259259259259
0.22461082283172726,0.16858369098712445,0.36363636363636354,0.6352941176470588,0.2962962962962963
0.6775389177168274,0.6885264663805436,0.48051948051948057,0.588235294117647,0.4259259259259259
0.6345441067457377,0.6398283261802574,0.6363636363636365,0.39999999999999997,0.3888888888888889
0.6115641215715346,0.6116165951359084,0.5324675324675325,0.7058823529411764,0.37037037037037035
0.7138621200889549,0.7313304721030042,0.4025974025974026,0.22352941176470592,0.09259259259259259
0.6842105263157895,0.6953361945636624,0.46753246753246747,0.4941176470588235,0.48148148148148145
0.45663454410674575,0.4156223175965664,0.4025974025974026,0.22352941176470592,0.7222222222222221
0.390659747961453,0.3562804005722461,0.37662337662337664,0.5058823529411764,0.24074074074074076
0.6234247590808006,0.6271816881258941,0.3896103896103895,0.5058823529411764,0.018518518518518517
0.452186805040771,0.428898426323319,0.4545454545454546,0.611764705882353,0.0
0.42179392142327654,0.39130185979971377,0.6233766233766234,0.5529411764705883,0.037037037037037035
0.36249073387694586,0.322689556509299,0.6883116883116884,0.4705882352941177,0.09259259259259259
0.4032616753150482,0.3698998569384836,0.4545454545454546,0.6470588235294117,0.09259259259259259
0.4610822831727206,0.4231187410586551,0.5584415584415583,0.5058823529411764,0.3518518518518518
0.4684951816160119,0.4302718168812588,0.33766233766233755,0.39999999999999997,0.1111111111111111
0.41215715344699777,0.38071530758226024,0.5844155844155845,0.6941176470588235,0.0
0.563380281690141,0.5481545064377683,0.5584415584415583,0.6352941176470588,0.14814814814814814
0.6553002223869534,0.6644921316165951,0.24675324675324672,0.37647058823529417,0.0
0.8050407709414382,0.8437195994277539,0.5844155844155845,0.4588235294117647,0.07407407407407407
0.6627131208302447,0.6723891273247496,0.31168831168831157,0.5176470588235293,0.4444444444444444
0.5782060785767236,0.5681831187410588,0.3246753246753247,0.5058823529411764,0.8333333333333333
0.38398813936249077,0.3493562231759656,0.4285714285714286,0.7058823529411764,0.0
0.37138621200889554,0.33436337625178825,0.3896103896103895,0.611764705882353,0.16666666666666666
0.3617494440326168,0.32217453505007154,0.5194805194805194,0.6000000000000001,0.0
0.6360266864343959,0.6414306151645207,0.5974025974025972,0.37647058823529417,0.0
0.4321719792438843,0.40400572246065813,0.5714285714285714,0.6823529411764706,0.2037037037037037
0.5166790214974055,0.49482117310443485,0.46753246753246747,0.6470588235294117,0.2037037037037037
0.4951816160118607,0.4805722460658083,0.6623376623376622,0.611764705882353,0.0
0.4810971089696071,0.4636337625178827,0.6623376623376622,0.4705882352941177,0.037037037037037035
0.45144551519644194,0.42752503576537904,0.6493506493506491,0.6235294117647059,0.48148148148148145
0.3817642698295033,0.3463233190271816,0.2597402597402596,0.6470588235294117,0.2037037037037037
0.2802075611564122,0.2299284692417739,0.5584415584415583,0.588235294117647,0.0
0.3365455893254262,0.2939628040057224,0.49350649350649345,0.4823529411764706,0.24074074074074076
0.6723498888065234,0.6828040057224606,0.5974025974025972,0.31764705882352945,0.7962962962962963
0.3291326908821349,0.28423462088698137,0.4285714285714286,0.6470588235294117,0.0
0.4833209785025946,0.4660371959942774,0.4415584415584415,0.5294117647058822,0.3148148148148148
0.4336545589325427,0.4057796852646637,0.6233766233766234,0.6352941176470588,0.0
0.41512231282431433,0.38300429184549356,0.3896103896103895,0.6470588235294117,0.0
0.686434395848777,0.6977968526466379,0.46753246753246747,0.38823529411764707,0.4259259259259259
0.6834692364714604,0.6937911301859799,0.2857142857142856,0.5176470588235293,0.2962962962962963
0.48480355819125287,0.4677539341917024,0.7142857142857142,0.5647058823529412,0.0
0.480355819125278,0.46151645207439196,0.5584415584415583,0.411764705882353,0.09259259259259259
0.7739065974796147,0.8049213161659513,0.6233766233766234,0.38823529411764707,0.3148148148148148
0.6315789473684211,0.6365092989985693,0.4415584415584415,0.5058823529411764,0.18518518518518517
0.5937731653076355,0.5886123032904148,0.36363636363636354,0.37647058823529417,0.4259259259259259
0.346182357301705,0.3042632331902718,0.6623376623376622,0.5294117647058822,0.0
0.5270570793180134,0.515650929899857,0.6103896103896103,0.4235294117647059,0.3333333333333333
0.5626389918458118,0.5479256080114449,0.6623376623376622,0.6941176470588235,0.4444444444444444
0.29725722757598216,0.2533333333333333,0.7012987012987011,0.32941176470588235,0.16666666666666666
0.5656041512231283,0.5510729613733906,0.33766233766233755,0.5647058823529412,0.24074074074074076
0.43661971830985913,0.4093848354792561,0.5844155844155845,0.6588235294117646,0.05555555555555555
0.597479614529281,0.5943919885550787,0.5974025974025972,0.611764705882353,0.27777777777777773
0.4025203854707191,0.36892703862660936,0.6363636363636365,0.6705882352941175,0.3518518518518518
0.5255744996293552,0.5054649499284692,0.4545454545454546,0.5294117647058822,0.4444444444444444
0.5203854707190513,0.5094134477825464,0.5324675324675325,0.8470588235294116,0.3333333333333333
0.6286137879911046,0.6321030042918455,0.7402597402597404,0.411764705882353,0.0
0.7954040029651595,0.8299284692417738,0.5194805194805194,0.37647058823529417,0.574074074074074
0.4403261675315049,0.4148211731044349,0.5844155844155845,0.6941176470588235,0.0
0.5945144551519645,0.5845493562231759,0.5064935064935063,0.5529411764705883,0.0
0.6508524833209786,0.6595708154506438,0.33766233766233755,0.588235294117647,0.3148148148148148
0.2876204595997035,0.23799713876967088,0.6623376623376622,0.4823529411764706,0.018518518518518517
0.4010378057820607,0.3670386266094421,0.4415584415584415,0.4588235294117647,0.0
0.4773906597479616,0.4591702432045779,0.4545454545454546,0.6352941176470588,0.12962962962962962
0.7902149740548554,0.8247782546494992,0.5714285714285714,0.588235294117647,0.4074074074074074
0.5871015567086733,0.5807725321888412,0.4285714285714286,0.29411764705882354,0.0
0.7961452928094885,0.8317024320457796,0.4285714285714286,0.5176470588235293,0.3888888888888889
0.7627872498146776,0.7891273247496423,0.4025974025974026,0.1647058823529412,0.2222222222222222
0.6627131208302447,0.6722174535050071,0.5844155844155845,0.6941176470588235,0.07407407407407407
0.6767976278724982,0.6879542203147352,0.4285714285714286,0.7176470588235293,0.2962962962962963
0.4618235730170497,0.4236909871244635,0.37662337662337664,0.31764705882352945,0.37037037037037035
0.47961452928094883,0.4610014306151644,0.6233766233766234,0.5411764705882354,0.2962962962962963
0.7887323943661972,0.8235765379113019,0.4155844155844155,0.5411764705882354,0.27777777777777773
0.7242401779095627,0.7444349070100141,0.35064935064935066,0.37647058823529417,0.2037037037037037
0.34988880652335064,0.30809728183118734,0.2857142857142856,0.5647058823529412,0.2222222222222222
0.4329132690882136,0.40400572246065813,0.5974025974025972,0.6941176470588235,0.18518518518518517
0.42031134173461837,0.3886695278969957,0.7142857142857142,0.5411764705882354,0.018518518518518517
0.5596738324684952,0.5447782546494994,0.5324675324675325,0.31764705882352945,0.09259259259259259
0.6389918458117124,0.6439484978540772,0.23376623376623362,0.38823529411764707,0.4259259259259259
0.6449221645663455,0.6513304721030043,0.35064935064935066,0.5764705882352941,0.0
0.31356560415122314,0.269241773962804,0.4025974025974026,0.6352941176470588,0.0
0.6441808747220165,0.6506437768240344,0.2597402597402596,0.4823529411764706,0.0
0.4321719792438843,0.4038912732474964,0.4155844155844155,0.5647058823529412,0.3333333333333333
0.5678280207561156,0.5541630901287552,0.2857142857142856,0.5294117647058822,0.2222222222222222
0.5737583395107487,0.5617739628040058,0.5974025974025972,0.4470588235294118,0.25925925925925924
0.38472942920681996,0.3496423462088698,0.5974025974025972,0.5647058823529412,0.2037037037037037
0.6960711638250556,0.7084978540772532,0.5194805194805194,0.35294117647058826,0.27777777777777773
0.3736100815418829,0.33665236051502145,0.4545454545454546,0.7058823529411764,0.4444444444444444
0.47071905114899937,0.4508154506437767,0.6103896103896103,0.6941176470588235,0.0
0.3876945885841364,0.35256080114449206,0.6363636363636365,0.776470588235294,0.0
0.7079318013343218,0.7238912732474964,0.5974025974025972,0.5764705882352941,0.3888888888888889
0.40770941438102304,0.3760801144492131,0.7272727272727273,0.5411764705882354,0.0
0.6204595997034842,0.6232331902718168,0.5714285714285714,0.4235294117647059,0.4259259259259259
0.41438102297998525,0.38185979971387696,0.5324675324675325,0.6352941176470588,0.037037037037037035
0.5796886582653817,0.5702432045779685,0.33766233766233755,0.30588235294117644,0.09259259259259259
0.6508524833209786,0.6593419170243203,0.2987012987012987,0.5647058823529412,0.16666666666666666
0.4544106745737584,0.431587982832618,0.6883116883116884,0.4941176470588235,0.0
0.7279466271312084,0.747868383404864,0.5454545454545456,0.32941176470588235,0.0
0.43587842846553004,0.3850643776824034,0.46753246753246747,0.4235294117647059,0.49999999999999994
0.5848776871756858,0.5782546494992847,0.5194805194805194,0.35294117647058826,0.3333333333333333
0.5648628613787992,0.552618025751073,0.7402597402597404,0.5647058823529412,0.0
0.7427724240177911,0.7662374821173105,0.5064935064935063,0.6235294117647059,0.14814814814814814
0.38547071905114905,0.3507868383404864,0.48051948051948057,0.4352941176470589,0.0
0.496664195700519,0.4825751072961373,0.6363636363636365,0.6823529411764706,0.0
0.6968124536693848,0.7097567954220313,0.4285714285714286,0.5294117647058822,0.16666666666666666
0.6441808747220165,0.6504721030042918,0.49350649350649345,0.29411764705882354,0.16666666666666666
0.3157894736842105,0.2718741058655222,0.7012987012987011,0.29411764705882354,0.12962962962962962
0.3106004447739067,0.26718168812589405,0.6103896103896103,0.4470588235294118,0.0
0.45144551519644194,0.4031473533619456,0.7402597402597404,0.5176470588235293,0.5185185185185186
0.7575982209043737,0.7831187410586552,0.2857142857142856,0.28235294117647064,0.27777777777777773
0.5789473684210527,0.5692131616595134,0.4155844155844155,0.6705882352941175,0.25925925925925924
0.4232765011119348,0.392274678111588,0.6623376623376622,0.6000000000000001,0.0
0.2794662713120831,0.22987124463519315,0.46753246753246747,0.6823529411764706,0.0
0.7961452928094885,0.8303862660944207,0.4415584415584415,0.39999999999999997,0.3518518518518518
0.7776130467012603,0.807439198855508,0.5064935064935063,0.5294117647058822,0.12962962962962962
0.5344699777613048,0.5238340486409155,0.46753246753246747,0.588235294117647,0.0
0.6093402520385471,0.6078969957081545,0.4415584415584415,0.4352941176470589,0.0
0.4892512972572277,0.4730758226037196,0.7012987012987011,0.6823529411764706,0.0
0.4603409933283914,0.43856938483547925,0.5714285714285714,0.30588235294117644,0.0
0.553002223869533,0.5360228898426324,0.4415584415584415,0.4588235294117647,0.2037037037037037
0.6011860637509268,0.5981688125894135,0.24675324675324672,0.4588235294117647,0.2037037037037037
0.630837657524092,0.6353075822603719,0.5064935064935063,0.39999999999999997,0.3888888888888889
0.6123054114158637,0.6125894134477826,0.5454545454545456,0.34117647058823525,0.0
0.25500370644922166,0.20097281831187408,0.5324675324675325,0.5647058823529412,0.14814814814814814
0.65826538176427,0.6676394849785409,0.5454545454545456,0.5764705882352941,0.0
0.37064492216456635,0.3327038626609442,0.4155844155844155,0.588235294117647,0.0
0.7071905114899927,0.7236623748211731,0.36363636363636354,0.4823529411764706,0.0
0.7494440326167533,0.7723605150214591,0.4415584415584415,0.4588235294117647,0.25925925925925924
0.4892512972572277,0.45882689556509293,0.37662337662337664,0.588235294117647,0.037037037037037035
0.5596738324684952,0.5483834048640915,0.49350649350649345,0.7058823529411764,0.0
0.4329132690882136,0.40469241773962794,0.4415584415584415,0.6352941176470588,0.07407407407407407
0.44329132690882134,0.4183690987124463,0.7922077922077924,0.4352941176470589,0.16666666666666666
0.4633061527057081,0.44143061516452076,0.7402597402597404,0.6941176470588235,0.0
0.8228317272053374,0.8654649499284691,0.5714285714285714,0.6705882352941175,0.09259259259259259
0.6100815418828762,0.6094420600858369,0.5194805194805194,0.5529411764705883,0.12962962962962962
0.42772424017790966,0.3982832618025751,0.4155844155844155,0.6941176470588235,0.0
0.6923647146034101,0.7040343347639485,0.6103896103896103,0.411764705882353,0.6666666666666667
0.4025203854707191,0.36835479256080106,0.7402597402597404,0.36470588235294116,0.0
0.37064492216456635,0.3322460658082975,0.5714285714285714,0.5647058823529412,0.49999999999999994
0.2579688658265382,0.20417739628040055,0.7662337662337662,0.6000000000000001,0.07407407407407407
0.630837657524092,0.6352503576537912,0.7272727272727273,0.411764705882353,0.18518518518518517
0.5181616011860638,0.4982546494992848,0.4415584415584415,0.4470588235294118,0.4444444444444444
0.6382505559673833,0.6436623748211731,0.48051948051948057,0.32941176470588235,0.5555555555555556
0.6182357301704968,0.6202002861230328,0.3896103896103895,0.6470588235294117,0.3333333333333333
0.6456634544106746,0.6520743919885551,0.36363636363636354,0.38823529411764707,0.12962962962962962
0.45663454410674575,0.43364806866952776,0.6233766233766234,0.776470588235294,0.1111111111111111
0.4988880652335064,0.47301859799713863,0.03896103896103886,0.4235294117647059,0.37037037037037035
0.6441808747220165,0.6497854077253219,0.37662337662337664,0.4470588235294118,0.3888888888888889
0.26982950333580435,0.2183118741058655,0.5454545454545456,0.776470588235294,0.0
0.5092661230541142,0.4972246065808298,0.36363636363636354,0.5176470588235293,0.0
0.7123795404002966,0.7289842632331903,0.5324675324675325,0.4235294117647059,0.4074074074074074
0.33580429948109713,0.29316165951359086,0.6883116883116884,0.4470588235294118,0.0
0.7116382505559675,0.7278397711015735,0.46753246753246747,0.4588235294117647,0.49999999999999994
0.2453669384729429,0.19313304721030045,0.6493506493506491,0.39999999999999997,0.0
0.28465530022238694,0.23393419170243201,0.33766233766233755,0.588235294117647,0.48148148148148145
0.4951816160118607,0.48074391988555076,0.3896103896103895,0.5647058823529412,0.018518518518518517
0.31356560415122314,0.2695278969957082,0.4285714285714286,0.4588235294117647,0.25925925925925924
0.6990363232023723,0.7113590844062946,0.2987012987012987,0.23529411764705882,0.46296296296296297
0.6523350630096368,0.6612875536480686,0.46753246753246747,0.35294117647058826,0.16666666666666666
0.765011119347665,0.7911874105865523,0.2727272727272727,0.5176470588235293,0.537037037037037
0.6656782802075613,0.6762231759656653,0.5454545454545456,0.27058823529411763,0.4259259259259259
0.40770941438102304,0.3757367668097281,0.35064935064935066,0.776470588235294,0.0
0.49962935507783546,0.4743919885550786,0.4285714285714286,0.39999999999999997,0.0
0.6219421793921424,0.62552217453505,0.5324675324675325,0.5058823529411764,0.2037037037037037
0.31208302446256486,0.26861230329041474,0.4155844155844155,0.5058823529411764,0.2037037037037037
0.352112676056338,0.309585121602289,0.6623376623376622,0.7058823529411764,0.0
0.29058561897702007,0.2431473533619456,0.48051948051948057,0.611764705882353,0.07407407407407407
0.4314306893995552,0.4033190271816881,0.4155844155844155,0.5058823529411764,0.3888888888888889
0.42253521126760574,0.39193133047210293,0.4545454545454546,0.4823529411764706,0.0
0.4373610081541883,0.4104721030042918,0.6103896103896103,0.611764705882353,0.0
0.35063009636767983,0.3086123032904148,0.9350649350649352,0.7058823529411764,0.037037037037037035
0.34173461823573026,0.29962804005722454,0.35064935064935066,0.7647058823529411,0.09259259259259259
0.4047442550037065,0.37178826895565087,0.7662337662337662,0.4588235294117647,0.0
0.49444032616753164,0.4651788268955651,0.4415584415584415,0.35294117647058826,0.4074074074074074
0.6145292809488511,0.6160228898426322,0.5844155844155845,0.611764705882353,0.18518518518518517
0.4595997034840623,0.4374821173104435,0.5324675324675325,0.6823529411764706,0.0
0.3802816901408451,0.3444349070100142,0.4025974025974026,0.6823529411764706,0.2037037037037037
0.5203854707190513,0.5003147353361945,0.4025974025974026,0.4470588235294118,0.24074074074074076
0.6100815418828762,0.6096137339055793,0.3246753246753247,0.6235294117647059,0.0
0.6553002223869534,0.6644921316165951,0.6103896103896103,0.4235294117647059,0.537037037037037
0.3899184581171239,0.3555364806866952,0.4545454545454546,0.6823529411764706,0.3888888888888889
0.6990363232023723,0.7116452074391989,0.4025974025974026,0.29411764705882354,0.09259259259259259
0.6019273535952558,0.598912732474964,0.6493506493506491,0.5764705882352941,0.3333333333333333
0.31875463306152707,0.27450643776824024,0.4415584415584415,0.611764705882353,0.18518518518518517
0.7538917716827281,0.7785979971387696,0.5844155844155845,0.39999999999999997,0.4444444444444444
0.7783543365455895,0.8096709585121601,0.49350649350649345,0.4235294117647059,0.25925925925925924
0.49369903632320233,0.47862660944206004,0.5194805194805194,0.7647058823529411,0.1111111111111111
0.4766493699036324,0.4565951359084407,0.4155844155844155,0.6823529411764706,0.018518518518518517
0.30615270570793185,0.26374821173104424,0.36363636363636354,0.5294117647058822,0.0
0.5374351371386213,0.5202288984263231,0.5584415584415583,0.37647058823529417,0.05555555555555555
0.4232765011119348,0.3925608011444922,0.5584415584415583,0.5764705882352941,0.2037037037037037
0.5774647887323945,0.5660658082975679,0.4415584415584415,0.38823529411764707,0.0
0.36397331356560414,0.3250929899856938,0.5714285714285714,0.6470588235294117,0.3148148148148148
0.5596738324684952,0.548211731044349,0.46753246753246747,0.4705882352941177,0.0
0.6708673091178652,0.6813733905579399,0.1298701298701299,0.38823529411764707,0.037037037037037035
0.27798369162342484,0.22809728183118738,0.4285714285714286,0.588235294117647,0.0
0.5908080059303188,0.5849499284692418,0.49350649350649345,0.38823529411764707,0.2037037037037037
0.4662713120830245,0.44549356223175973,0.5454545454545456,0.776470588235294,0.0
0.5997034840622685,0.5920457796852646,0.3896103896103895,0.6352941176470588,0.37037037037037035
0.5470719051149,0.5352789699570816,0.5974025974025972,0.7529411764705882,0.0
0.27798369162342484,0.22786838340486404,0.3896103896103895,0.6588235294117646,0.0
0.7635285396590068,0.789585121602289,0.3246753246753247,0.36470588235294116,0.49999999999999994
0.4395848776871758,0.41316165951359085,0.7662337662337662,0.6235294117647059,0.12962962962962962
0.4329132690882136,0.3780257510729613,0.2987012987012987,0.23529411764705882,0.2222222222222222
0.5329873980726465,0.5131902718168811,0.5064935064935063,0.4941176470588235,0.09259259259259259
0.346182357301705,0.30403433476394837,0.753246753246753,0.6000000000000001,0.4259259259259259
0.4455151964418088,0.42088698140200287,0.48051948051948057,0.6588235294117646,0.0
0.6204595997034842,0.6232904148783976,0.46753246753246747,0.39999999999999997,0.37037037037037035
0.5018532246108229,0.48921316165951356,0.5324675324675325,0.6352941176470588,0.018518518518518517
0.6449221645663455,0.6508726752503576,0.2597402597402596,0.4705882352941177,0.07407407407407407
0.5396590066716087,0.5272675250357653,0.35064935064935066,0.6941176470588235,0.0
0.3298739807264641,0.28497854077253215,0.35064935064935066,0.6941176470588235,0.18518518518518517
0.7049666419570053,0.7189127324749641,0.23376623376623362,0.36470588235294116,0.05555555555555555
0.5878428465530023,0.581802575107296,0.4025974025974026,0.31764705882352945,0.09259259259259259
0.3009636767976278,0.2580829756795422,0.6753246753246753,0.4705882352941177,0.3333333333333333
0.5900667160859897,0.5848927038626609,0.31168831168831157,0.39999999999999997,0.4074074074074074
0.7991104521868051,0.8327324749642345,0.49350649350649345,0.4235294117647059,0.18518518518518517
0.6782802075611565,0.6891559370529327,0.6103896103896103,0.4705882352941177,0.0
0.4388435878428466,0.4120743919885551,0.33766233766233755,0.6470588235294117,0.0
0.5959970348406227,0.5918168812589414,0.23376623376623362,0.5411764705882354,0.14814814814814814
0.65826538176427,0.6676967095851215,0.6493506493506491,0.588235294117647,0.2962962962962963
0.45811712379540415,0.4362231759656653,0.6753246753246753,0.7294117647058822,0.0
0.6189770200148259,0.6207153075822603,0.5714285714285714,0.6352941176470588,0.2037037037037037
0.4840622683469237,0.4507010014306152,0.2597402597402596,0.4705882352941177,0.09259259259259259
0.4677538917716827,0.44686695278969946,0.46753246753246747,0.611764705882353,0.0
0.5211267605633804,0.5114163090128755,0.5974025974025972,0.6470588235294117,0.0
0.2253521126760564,0.16927038626609436,0.49350649350649345,0.5529411764705883,0.0
0.5922905856189771,0.5873533619456367,0.4545454545454546,0.29411764705882354,0.25925925925925924
0.45885841363973323,0.4189985693848354,0.49350649350649345,0.32941176470588235,0.3888888888888889
0.6093402520385471,0.6082975679542203,0.4415584415584415,0.23529411764705882,0.1111111111111111
0.40622683469236476,0.3739055793991416,0.7012987012987011,0.37647058823529417,0.05555555555555555
0.6538176426982951,0.6629470672389127,0.37662337662337664,0.411764705882353,0.25925925925925924
0.47146034099332845,0.4358798283261802,0.2987012987012987,0.31764705882352945,0.27777777777777773
0.4699777613046703,0.45035765379113024,0.49350649350649345,0.4352941176470589,0.0
0.5574499629355079,0.5426037195994279,0.6623376623376622,0.611764705882353,0.2222222222222222
0.34766493699036327,0.3054649499284692,0.5454545454545456,0.6000000000000001,0.09259259259259259
0.6464047442550038,0.6538483547925608,0.48051948051948057,0.29411764705882354,0.4074074074074074
0.6071163825055598,0.6057796852646639,0.5194805194805194,0.4352941176470589,0.37037037037037035
0.4544106745737584,0.43084406294706723,0.49350649350649345,0.611764705882353,0.05555555555555555
0.2750185322461083,0.2239198855507868,0.2597402597402596,0.6000000000000001,0.0
0.6515937731653078,0.6609442060085836,0.2987012987012987,0.4588235294117647,0.0
0.4662713120830245,0.4445207439198855,0.7012987012987011,0.6470588235294117,0.0
0.5685693106004449,0.5543919885550787,0.4025974025974026,0.4588235294117647,0.0
0.32023721275018535,0.2754220314735335,0.6493506493506491,0.5411764705882354,0.0
0.27353595255745,0.2224892703862661,0.5064935064935063,0.4705882352941177,0.2962962962962963
0.295774647887324,0.2520743919885551,0.6233766233766234,0.588235294117647,0.0
0.43513713862120096,0.4080686695278969,0.6623376623376622,0.6705882352941175,0.24074074074074076
0.37064492216456635,0.332474964234621,0.36363636363636354,0.611764705882353,0.018518518518518517
0.6004447739065976,0.5970815450643777,0.5714285714285714,0.31764705882352945,0.12962962962962962
0.603409933283914,0.6013733905579398,0.33766233766233755,0.34117647058823525,0.4444444444444444
0.5744996293550779,0.5625178826895564,0.5974025974025972,0.34117647058823525,0.3148148148148148
0.7613046701260194,0.7879828326180257,0.6363636363636365,0.611764705882353,0.3333333333333333
0.6782802075611565,0.6890414878397709,0.2597402597402596,0.39999999999999997,0.1111111111111111
0.7197924388435879,0.7385407725321887,0.36363636363636354,0.4588235294117647,0.14814814814814814
0.5730170496664196,0.5604577968526466,0.3246753246753247,0.36470588235294116,0.14814814814814814
0.5922905856189771,0.5876394849785406,0.5064935064935063,0.5294117647058822,0.5185185185185186
0.6553002223869534,0.6644921316165951,0.49350649350649345,0.611764705882353,0.3333333333333333
0.35730170496664204,0.31628040057224605,0.4025974025974026,0.5058823529411764,0.6111111111111112
0.6634544106745739,0.6734191702432045,0.753246753246753,0.5176470588235293,0.46296296296296297
0.35507783543365457,0.31278969957081537,0.5324675324675325,0.6352941176470588,0.0
0.7776130467012603,0.8089842632331902,0.35064935064935066,0.4235294117647059,0.27777777777777773
0.5426241660489252,0.5248640915593704,0.4415584415584415,0.5764705882352941,0.37037037037037035
0.5945144551519645,0.590271816881259,0.2727272727272727,0.4705882352941177,0.3888888888888889
0.6901408450704226,0.7023748211731043,0.48051948051948057,0.39999999999999997,0.12962962962962962
0.6352853965900668,0.6400572246065809,0.6753246753246753,0.4235294117647059,0.037037037037037035
0.6693847294292069,0.6787410586552217,0.6233766233766234,0.2117647058823529,0.3148148148148148
0.5685693106004449,0.5561659513590843,0.36363636363636354,0.5529411764705883,0.18518518518518517
0.7731653076352856,0.8037195994277538,0.36363636363636354,0.5411764705882354,0.24074074074074076
0.558191252779837,0.5470100143061515,0.24675324675324672,0.6470588235294117,0.0
0.6330615270570794,0.637310443490701,0.36363636363636354,0.35294117647058826,0.037037037037037035
0.42253521126760574,0.3619456366237481,0.49350649350649345,0.5058823529411764,0.27777777777777773
0.4469977761304671,0.4224320457796853,0.5714285714285714,0.7647058823529411,0.2037037037037037
0.6315789473684211,0.6361087267525035,0.5194805194805194,0.39999999999999997,0.018518518518518517
0.5315048183839882,0.5197711015736767,0.5194805194805194,0.5294117647058822,0.037037037037037035
0.6286137879911046,0.6325035765379111,0.4025974025974026,0.5411764705882354,0.27777777777777773
0.6612305411415865,0.6700429184549356,0.49350649350649345,0.411764705882353,0.24074074074074076
0.3617494440326168,0.32246065808297575,0.4415584415584415,0.4941176470588235,0.0
0.6278724981467755,0.6311874105865521,0.48051948051948057,0.4235294117647059,0.4444444444444444
0.708673091178651,0.724692417739628,0.5584415584415583,0.39999999999999997,0.25925925925925924
0.3031875463306153,0.2599713876967096,0.753246753246753,0.6235294117647059,0.12962962962962962
0.37805782060785775,0.3416309012875537,0.6363636363636365,0.6705882352941175,0.25925925925925924
0.39140103780578206,0.34168812589413444,0.4415584415584415,0.611764705882353,0.3148148148148148
0.4885100074128985,0.47216022889842635,0.5714285714285714,0.38823529411764707,0.12962962962962962
0.6775389177168274,0.6884692417739627,0.5584415584415583,0.2,0.18518518518518517
0.6960711638250556,0.7089556509298999,0.5454545454545456,0.34117647058823525,0.4444444444444444
0.613787991104522,0.6152217453505008,0.6233766233766234,0.38823529411764707,0.18518518518518517
0.5544848035581913,0.5390557939914163,0.6753246753246753,0.4352941176470589,0.5555555555555556
0.5618977020014826,0.5497567954220316,0.7142857142857142,0.4352941176470589,0.12962962962962962
0.535952557449963,0.5177682403433476,0.5194805194805194,0.32941176470588235,0.0
0.5752409191994071,0.5637768240343347,0.4285714285714286,0.411764705882353,0.2222222222222222
0.41586360266864353,0.38317596566523604,0.3896103896103895,0.5294117647058822,0.0
0.33432171979243885,0.29230329041487835,0.5454545454545456,0.7058823529411764,0.0
0.49444032616753164,0.46512160228898414,0.48051948051948057,0.5058823529411764,0.25925925925925924
0.518902891030393,0.4989413447782546,0.46753246753246747,0.4823529411764706,0.0
0.4180874722016309,0.3859227467811158,0.49350649350649345,0.588235294117647,0.0
0.38472942920681996,0.3502145922746781,0.7142857142857142,0.7294117647058822,0.14814814814814814
0.6071163825055598,0.6055507868383406,0.5844155844155845,0.30588235294117644,0.4074074074074074
0.51297257227576,0.500486409155937,0.31168831168831157,0.8117647058823529,0.24074074074074076
0.5248332097850259,0.5045493562231759,0.6493506493506491,0.4352941176470589,0.2962962962962963
0.5196441808747221,0.4993419170243205,0.36363636363636354,0.27058823529411763,0.3148148148148148
0.5878428465530023,0.5826037195994277,0.48051948051948057,0.31764705882352945,0.07407407407407407
0.586360266864344,0.5793991416309011,0.31168831168831157,0.22352941176470592,0.037037037037037035
0.6782802075611565,0.6888698140200286,0.805194805194805,0.4705882352941177,0.46296296296296297
0.6856931060044479,0.6961945636623746,0.46753246753246747,0.32941176470588235,0.537037037037037
0.29058561897702007,0.2441201716738196,0.5064935064935063,0.611764705882353,0.1111111111111111
0.42920681986656783,0.4002861230329041,0.6233766233766234,0.7294117647058822,0.0
0.5448480355819126,0.5269814020028613,0.4285714285714286,0.4588235294117647,0.2962962962962963
0.33506300963676805,0.2925321888412017,0.753246753246753,0.5529411764705883,0.12962962962962962
0.4684951816160119,0.430557939914163,0.37662337662337664,0.5176470588235293,0.24074074074074076
0.4255003706449222,0.39582260371959943,0.5194805194805194,0.5176470588235293,0.2037037037037037
0.37805782060785775,0.3413447782546495,0.7792207792207793,0.588235294117647,0.16666666666666666
0.3446997776130467,0.3023748211731043,0.6233766233766234,0.5411764705882354,0.3148148148148148
0.4773906597479616,0.45865522174535045,0.7272727272727273,0.7647058823529411,0.2222222222222222
0.44848035581912526,0.42363376251788265,0.3246753246753247,0.28235294117647064,0.1111111111111111
0.6004447739065976,0.5972532188841201,0.5454545454545456,0.5176470588235293,0.16666666666666666
0.4899925871015568,0.4604291845493562,0.5714285714285714,0.5764705882352941,0.25925925925925924
0.6152705707931801,0.6169384835479256,0.7142857142857142,0.30588235294117644,0.4259259259259259
0.46404744255003716,0.44257510729613725,0.5324675324675325,0.6352941176470588,0.07407407407407407
0.530763528539659,0.5111874105865523,0.4285714285714286,0.37647058823529417,0.14814814814814814
0.5396590066716087,0.5275536480686694,0.5844155844155845,0.5411764705882354,0.018518518518518517
0.6923647146034101,0.7046065808297567,0.48051948051948057,0.5176470588235293,0.2962962962962963
0.5670867309117865,0.5529041487839771,0.5454545454545456,0.6000000000000001,0.0
0.33506300963676805,0.29258941344778244,0.48051948051948057,0.4588235294117647,0.07407407407407407
0.4551519644180875,0.4327324749642345,0.48051948051948057,0.6470588235294117,0.0
0.3113417346182358,0.26821173104434903,0.5324675324675325,0.411764705882353,0.09259259259259259
0.8421052631578949,0.8868669527896996,0.5454545454545456,0.5294117647058822,0.018518518518518517
0.43513713862120096,0.4076680972818312,0.5974025974025972,0.7294117647058822,0.0
0.42772424017790966,0.39862660944205996,0.5064935064935063,0.5647058823529412,0.0
0.33580429948109713,0.2931044349070099,0.4415584415584415,0.4470588235294118,0.0
0.5300222386953299,0.5098712446351931,0.3246753246753247,0.5058823529411764,0.0
0.8131949592290586,0.8545350500715306,0.5324675324675325,0.4941176470588235,0.46296296296296297
0.5604151223128243,0.5458655221745351,0.3896103896103895,0.32941176470588235,0.48148148148148145
0.5322461082283174,0.5204577968526466,0.36363636363636354,0.4352941176470589,0.0
0.49444032616753164,0.4788555078683834,0.6233766233766234,0.6352941176470588,0.07407407407407407
0.3661971830985916,0.32789699570815445,0.46753246753246747,0.588235294117647,0.16666666666666666
0.67531504818384,0.6856652360515022,0.5194805194805194,0.4235294117647059,0.12962962962962962
0.3728687916975538,0.3361373390557939,0.6623376623376622,0.4941176470588235,0.0
0.34914751667902155,0.3067238912732475,0.6103896103896103,0.4941176470588235,0.0
0.4551519644180875,0.4110443490701001,0.5714285714285714,0.29411764705882354,0.07407407407407407
0.659006671608599,0.6681545064377682,0.6233766233766234,0.1647058823529412,0.2222222222222222
0.5055596738324685,0.4828040057224606,0.6493506493506491,0.27058823529411763,0.5925925925925926
0.6212008895478133,0.6243204577968527,0.5454545454545456,0.5058823529411764,0.5925925925925926
0.7242401779095627,0.7439771101573677,0.46753246753246747,0.4352941176470589,0.018518518518518517
0.4759080800593033,0.45590844062947067,0.4415584415584415,0.6705882352941175,0.2962962962962963
0.44329132690882134,0.4192846924177396,0.48051948051948057,0.6705882352941175,0.0
0.37138621200889554,0.33390557939914167,0.6233766233766234,0.611764705882353,0.0
0.42772424017790966,0.3979971387696709,0.6623376623376622,0.8705882352941177,0.05555555555555555
0.7116382505559675,0.7280114449213161,0.6493506493506491,0.5058823529411764,0.018518518518518517
0.5678280207561156,0.5543919885550787,0.36363636363636354,0.35294117647058826,0.5185185185185186
0.5003706449221647,0.48709585121602283,0.6103896103896103,0.6000000000000001,0.2962962962962963
0.7375833951074872,0.7589127324749642,0.6103896103896103,0.5647058823529412,0.37037037037037035
0.7020014825796888,0.7150786838340485,0.4025974025974026,0.4705882352941177,0.4259259259259259
0.3876945885841364,0.32143061516452076,0.4415584415584415,0.37647058823529417,0.25925925925925924
0.5796886582653817,0.5703004291845492,0.4285714285714286,0.6352941176470588,0.27777777777777773
0.6530763528539659,0.6621459227467811,0.5194805194805194,0.1882352941176471,0.018518518518518517
0.7286879169755375,0.7494134477825464,0.49350649350649345,0.38823529411764707,0.09259259259259259
0.4336545589325427,0.4060658082975679,0.4415584415584415,0.611764705882353,0.05555555555555555
0.6160118606375093,0.6176824034334764,0.4285714285714286,0.4705882352941177,0.2962962962962963
0.48702742772424024,0.47101573676680963,0.6883116883116884,0.5764705882352941,0.07407407407407407
0.6604892512972572,0.6696423462088698,0.4285714285714286,0.5529411764705883,0.14814814814814814
0.5767234988880653,0.5649785407725322,0.4025974025974026,0.32941176470588235,0.25925925925925924
0.5759822090437362,0.5638912732474964,0.4415584415584415,0.39999999999999997,0.09259259259259259
0.6100815418828762,0.6086981402002861,0.35064935064935066,0.36470588235294116,0.2962962962962963
0.5285396590066717,0.5171959942775392,0.49350649350649345,0.6941176470588235,0.018518518518518517
0.29206819866567835,0.24635193133047206,0.7012987012987011,0.6588235294117646,0.0
0.6945885841363975,0.7069527896995708,0.4285714285714286,0.5176470588235293,0.3888888888888889
0.5796886582653817,0.5678969957081544,0.6233766233766234,0.5294117647058822,0.0
0.5841363973313566,0.5768812589413447,0.6363636363636365,0.25882352941176473,0.07407407407407407
0.7702001482579689,0.8008011444921316,0.5714285714285714,0.4588235294117647,0.3518518518518518
0.5804299481097109,0.5688698140200285,0.5974025974025972,0.6588235294117646,0.0
0.5589325426241661,0.5433476394849784,0.4285714285714286,0.37647058823529417,0.0
0.8013343217197926,0.8380543633762517,0.2727272727272727,0.6352941176470588,0.0
0.5930318754633063,0.5882689556509298,0.2597402597402596,0.24705882352941183,0.018518518518518517
0.4662713120830245,0.445665236051502,0.5324675324675325,0.5176470588235293,0.0
0.47146034099332845,0.45178826895565094,0.7402597402597404,0.411764705882353,0.07407407407407407
0.32839140103780573,0.2836623748211732,0.3896103896103895,0.611764705882353,0.2037037037037037
0.5166790214974055,0.5057510729613733,0.5194805194805194,0.36470588235294116,0.0
0.7160859896219423,0.7345350500715307,0.49350649350649345,0.6470588235294117,0.0
0.469236471460341,0.4489842632331902,0.5974025974025972,0.4705882352941177,0.07407407407407407
0.5819125277983693,0.5735622317596566,0.33766233766233755,0.39999999999999997,0.0
0.6738324684951817,0.6842346208869815,0.5454545454545456,0.38823529411764707,0.12962962962962962
0.7553743513713863,0.7792846924177396,0.5064935064935063,0.4705882352941177,0.12962962962962962
0.4314306893995552,0.4027467811158797,0.37662337662337664,0.5058823529411764,0.14814814814814814
0.5381764269829504,0.5259513590844062,0.5324675324675325,0.38823529411764707,0.0
0.558191252779837,0.5473533619456367,0.48051948051948057,0.411764705882353,0.18518518518518517
0.5085248332097851,0.4858369098712446,0.4415584415584415,0.39999999999999997,0.37037037037037035
0.4988880652335064,0.4729613733905579,0.4415584415584415,0.37647058823529417,0.3888888888888889
0.47146034099332845,0.45178826895565094,0.49350649350649345,0.411764705882353,0.0
0.29132690882134915,0.2451502145922746,0.48051948051948057,0.6470588235294117,0.0
0.6738324684951817,0.6841201716738198,0.49350649350649345,0.5529411764705883,0.3888888888888889
0.5922905856189771,0.5875822603719599,0.48051948051948057,0.6352941176470588,0.0
0.7487027427724242,0.7705865522174534,0.35064935064935066,0.4352941176470589,0.46296296296296297
0.39881393624907346,0.36452074391988554,0.5974025974025972,0.6000000000000001,0.2222222222222222
0.7272053372868792,0.7468955650929899,0.49350649350649345,0.5176470588235293,0.3888888888888889
0.3943661971830986,0.3594277539341916,0.49350649350649345,0.39999999999999997,0.3888888888888889
0.5166790214974055,0.4952217453505008,0.4155844155844155,0.34117647058823525,0.37037037037037035
0.4759080800593033,0.441659513590844,0.16883116883116878,0.4941176470588235,0.27777777777777773
0.3446997776130467,0.30203147353361937,0.5064935064935063,0.5294117647058822,0.1111111111111111
0.4388435878428466,0.41184549356223166,0.6363636363636365,0.4588235294117647,0.46296296296296297
0.5737583395107487,0.562002861230329,0.7012987012987011,0.411764705882353,0.3148148148148148
0.5730170496664196,0.5604577968526466,0.3246753246753247,0.5529411764705883,0.27777777777777773
0.5137138621200891,0.4919027181688126,0.6883116883116884,0.611764705882353,0.3333333333333333
0.8057820607857673,0.8452074391988554,0.5064935064935063,0.588235294117647,0.25925925925925924
0.7108969607116384,0.7269814020028612,0.2597402597402596,0.4235294117647059,0.3518518518518518
0.3973313565604152,0.36177396280400564,0.5844155844155845,0.411764705882353,0.0
0.44106745737583397,0.4156223175965664,0.7012987012987011,0.5411764705882354,0.0
0.51297257227576,0.49127324749642354,0.2857142857142856,0.39999999999999997,0.2222222222222222
0.32023721275018535,0.2759942775393419,0.6233766233766234,0.5411764705882354,0.0
0.41363973313565605,0.3812303290414878,0.5194805194805194,0.6823529411764706,0.0
0.641957005189029,0.6471530758226037,0.4285714285714286,0.588235294117647,0.48148148148148145
0.5604151223128243,0.5492989985693847,0.49350649350649345,0.5294117647058822,0.09259259259259259
0.39955522609340255,0.36520743919885557,0.5844155844155845,0.5764705882352941,0.018518518518518517
0.469236471460341,0.4486409155937052,0.5844155844155845,0.25882352941176473,0.0
0.43513713862120096,0.40801144492131614,0.4025974025974026,0.5529411764705883,0.12962962962962962
0.6360266864343959,0.6413733905579398,0.6753246753246753,0.39999999999999997,0.12962962962962962
0.6456634544106746,0.6514449213161658,0.31168831168831157,0.6352941176470588,0.37037037037037035
0.3884358784284655,0.3538197424892704,0.5714285714285714,0.8,0.0
0.3891771682727948,0.3539914163090129,0.6363636363636365,0.4941176470588235,0.16666666666666666
0.3802816901408451,0.3442060085836909,0.5324675324675325,0.5058823529411764,0.0
0.6523350630096368,0.6614020028612303,0.3896103896103895,0.4352941176470589,0.6296296296296295
0.686434395848777,0.6984835479256079,0.5324675324675325,0.6235294117647059,0.24074074074074076
0.42772424017790966,0.39879828326180244,0.857142857142857,0.5647058823529412,0.0
0.4603409933283914,0.42163090128755365,0.5454545454545456,0.5764705882352941,0.2037037037037037
0.5982209043736101,0.5947353361945636,0.35064935064935066,0.34117647058823525,0.49999999999999994
0.4329132690882136,0.3783690987124463,0.4155844155844155,0.4941176470588235,0.05555555555555555
0.4825796886582655,0.4657510729613734,0.4155844155844155,0.8235294117647058,0.0
0.44329132690882134,0.4192274678111588,0.5194805194805194,0.5647058823529412,0.037037037037037035
0.5885841363973314,0.5831187410586552,0.1428571428571428,0.38823529411764707,0.3888888888888889
0.6953298739807265,0.7075822603719598,0.36363636363636354,0.29411764705882354,0.0
0.4974054855448481,0.4719313304721029,0.6493506493506491,0.32941176470588235,0.46296296296296297
0.6745737583395108,0.6850929899856938,0.6623376623376622,0.4705882352941177,0.4259259259259259
0.6286137879911046,0.6316452074391988,0.46753246753246747,0.35294117647058826,0.14814814814814814
0.45144551519644194,0.40309012875536465,0.5454545454545456,0.22352941176470592,0.16666666666666666
0.41512231282431433,0.382489270386266,0.6103896103896103,0.611764705882353,0.24074074074074076
0.5463306152705709,0.5282975679542204,0.7012987012987011,0.30588235294117644,0.3148148148148148
0.5003706449221647,0.4871530758226036,0.2987012987012987,0.24705882352941183,0.0
0.7071905114899927,0.7235479256080114,0.2857142857142856,0.4941176470588235,0.2222222222222222
0.5982209043736101,0.594907010014306,0.5584415584415583,0.37647058823529417,0.25925925925925924
0.4047442550037065,0.3724749642346208,0.5584415584415583,0.5294117647058822,0.3888888888888889
0.40696812453669384,0.37567954220314725,0.5194805194805194,0.6352941176470588,0.0
0.3261675315048185,0.2818884120171674,0.33766233766233755,0.5176470588235293,0.018518518518518517
0.6234247590808006,0.627238912732475,0.2727272727272727,0.611764705882353,0.0
0.5240919199406968,0.5032904148783978,0.5714285714285714,0.1529411764705882,0.2037037037037037
0.6856931060044479,0.6966523605150213,0.22077922077922074,0.5529411764705883,0.0
0.22461082283172726,0.16886981402002854,0.6623376623376622,0.588235294117647,0.16666666666666666
0.33506300963676805,0.2927610872675249,0.4285714285714286,0.6705882352941175,0.25925925925925924
0.3691623424759082,0.3312732474964235,0.6233766233766234,0.7058823529411764,0.09259259259259259
0.25426241660489257,0.20005722460658082,0.6233766233766234,0.5058823529411764,0.0
0.44329132690882134,0.41876967095851214,0.7922077922077924,0.6470588235294117,0.37037037037037035
0.44180874722016317,0.41613733905579386,0.7272727272727273,0.5647058823529412,0.0
0.2942920681986657,0.25070100143061513,0.5194805194805194,0.776470588235294,0.49999999999999994
0.4699777613046703,0.4500715307582259,0.5064935064935063,0.5176470588235293,0.12962962962962962
0.67531504818384,0.6857796852646637,0.5194805194805194,0.34117647058823525,0.24074074074074076
0.24091919940696818,0.18746781115879818,0.35064935064935066,0.4352941176470589,0.2037037037037037
0.3943661971830986,0.35959942775393416,0.37662337662337664,0.7294117647058822,0.0
0.496664195700519,0.4693562231759656,0.35064935064935066,0.5411764705882354,0.2037037037037037
0.5737583395107487,0.5622317596566523,0.35064935064935066,0.22352941176470592,0.5185185185185186
0.34247590808005934,0.29991416309012864,0.4155844155844155,0.4941176470588235,0.0
0.48628613787991104,0.4695278969957082,0.7142857142857142,0.5529411764705883,0.0
0.33358042994810977,0.29058655221745344,0.8311688311688312,0.6000000000000001,0.0
0.553002223869533,0.5370529327610872,0.4545454545454546,0.36470588235294116,0.27777777777777773
0.3951074870274277,0.3599999999999999,0.5714285714285714,0.7058823529411764,0.09259259259259259
0.5663454410674574,0.5513590844062947,0.4545454545454546,0.5176470588235293,0.2962962962962963
0.8465530022238696,0.8923605150214592,0.31168831168831157,0.34117647058823525,0.2222222222222222
0.42846553002223875,0.36835479256080106,0.4285714285714286,0.5058823529411764,0.37037037037037035
0.5826538176426984,0.5746494992846923,0.2857142857142856,0.611764705882353,0.537037037037037
0.4536693847294293,0.4304434907010013,0.5974025974025972,0.5647058823529412,0.0
0.4440326167531504,0.42020028612303284,0.5714285714285714,0.6000000000000001,0.0
0.7227575982209046,0.7426037195994276,0.48051948051948057,0.30588235294117644,0.09259259259259259
0.5203854707190513,0.509585121602289,0.4545454545454546,0.6941176470588235,0.037037037037037035
0.6501111934766495,0.6581974248927037,0.46753246753246747,0.4352941176470589,0.4074074074074074
0.51297257227576,0.49997138769670957,0.5194805194805194,0.6470588235294117,0.12962962962962962
0.3232023721275019,0.2791988555078684,0.36363636363636354,0.5647058823529412,0.0
0.6286137879911046,0.6323319027181687,0.35064935064935066,0.30588235294117644,0.3148148148148148
0.6708673091178652,0.6871530758226038,0.3246753246753247,0.776470588235294,0.0
0.5967383246849519,0.5925035765379113,0.23376623376623362,0.34117647058823525,0.037037037037037035
0.3372868791697554,0.29430615164520735,0.4155844155844155,0.6941176470588235,0.3148148148148148
0.24981467753891776,0.19856938483547915,0.36363636363636354,0.6352941176470588,0.12962962962962962
0.6782802075611565,0.6887553648068668,0.6753246753246753,0.38823529411764707,0.12962962962962962
0.44329132690882134,0.41917024320457785,0.5454545454545456,0.6470588235294117,0.0
0.5285396590066717,0.5171387696709585,0.6623376623376622,0.6000000000000001,0.07407407407407407
0.452186805040771,0.4287267525035765,0.5194805194805194,0.7647058823529411,0.2037037037037037
0.507783543365456,0.495793991416309,0.5844155844155845,0.5411764705882354,0.0
0.5478131949592291,0.5298426323319027,0.36363636363636354,0.4470588235294118,0.3888888888888889
0.4388435878428466,0.3866666666666667,0.22077922077922074,0.35294117647058826,0.24074074074074076
0.5967383246849519,0.5924463519313304,0.5064935064935063,0.5529411764705883,0.574074074074074
0.40696812453669384,0.37482117310443486,0.5584415584415583,0.4470588235294118,0.14814814814814814
0.3891771682727948,0.33241773962804,0.5454545454545456,0.611764705882353,0.3518518518518518
0.7872498146775391,0.8216881258941343,0.4415584415584415,0.4588235294117647,0.537037037037037
0.731653076352854,0.752274678111588,0.4285714285714286,0.4588235294117647,0.24074074074074076
0.4840622683469237,0.46683834048640915,0.6363636363636365,0.28235294117647064,0.12962962962962962
0.45737583395107495,0.41590844062947063,0.33766233766233755,0.4470588235294118,0.2037037037037037
0.40622683469236476,0.3740200286123033,0.4545454545454546,0.6352941176470588,0.0
0.34840622683469236,0.3060371959942776,0.5324675324675325,0.6823529411764706,0.14814814814814814
0.6293550778354337,0.6337625178826894,0.4155844155844155,0.5176470588235293,0.48148148148148145
0.20459599703484063,0.15147353361945637,0.33766233766233755,0.6352941176470588,0.0
0.44329132690882134,0.41848354792560793,0.6493506493506491,0.6823529411764706,0.0
0.4818383988139364,0.46426323319027174,0.6233766233766234,0.4588235294117647,0.07407407407407407
0.6152705707931801,0.6040629470672388,0.6883116883116884,0.611764705882353,0.16666666666666666
0.452186805040771,0.428555078683834,0.6363636363636365,0.5176470588235293,0.09259259259259259
0.6975537435137139,0.7099284692417739,0.24675324675324672,0.38823529411764707,0.2962962962962963
0.6708673091178652,0.6809155937052932,0.5584415584415583,0.611764705882353,0.05555555555555555
0.8220904373610083,0.8647210300429183,0.4415584415584415,0.5411764705882354,0.0
0.17939214232765013,0.12246065808297557,0.6233766233766234,0.7294117647058822,0.1111111111111111
0.680504077094144,0.6913304721030041,0.5974025974025972,0.5058823529411764,0.18518518518518517
0.7197924388435879,0.7382546494992847,0.6233766233766234,0.4941176470588235,0.16666666666666666
0.35581912527798376,0.31422031473533607,0.48051948051948057,0.6823529411764706,0.2037037037037037
0.882876204595997,0.9315593705293276,0.5194805194805194,0.611764705882353,0.0
0.6679021497405487,0.6781688125894135,0.7142857142857142,0.5764705882352941,0.27777777777777773
0.3810229799851742,0.3456366237482117,0.7272727272727273,0.7058823529411764,0.09259259259259259
0.3676797627872499,0.3301287553648068,0.5714285714285714,0.5647058823529412,0.0
0.5181616011860638,0.4971673819742488,0.35064935064935066,0.4588235294117647,0.24074074074074076
0.41512231282431433,0.38203147353361944,0.4415584415584415,0.5764705882352941,0.0
0.7613046701260194,0.787868383404864,0.31168831168831157,0.4823529411764706,0.49999999999999994
0.5759822090437362,0.5645207439198855,0.35064935064935066,0.4705882352941177,0.18518518518518517
0.42105263157894746,0.3890128755364807,0.5974025974025972,0.5176470588235293,0.0
0.42105263157894746,0.3891273247496423,0.6753246753246753,0.6588235294117646,0.16666666666666666
0.7368421052631581,0.7581688125894134,0.7142857142857142,0.611764705882353,0.3333333333333333
0.5507783543365457,0.5337911301859798,0.46753246753246747,0.34117647058823525,0.2037037037037037
0.6604892512972572,0.6696423462088698,0.36363636363636354,0.5529411764705883,0.0
0.558191252779837,0.5432331902718169,0.49350649350649345,0.24705882352941183,0.46296296296296297
0.7071905114899927,0.7233190271816882,0.49350649350649345,0.4470588235294118,0.18518518518518517
0.36397331356560414,0.32572246065808297,0.5974025974025972,0.5647058823529412,0.018518518518518517
0.7131208302446258,0.7296137339055794,0.6493506493506491,0.4705882352941177,0.537037037037037
0.8042994810971091,0.8432618025751072,0.5844155844155845,0.36470588235294116,0.12962962962962962
0.6389918458117124,0.6386266094420602,0.5714285714285714,0.5764705882352941,0.2037037037037037
0.35730170496664204,0.31610872675250357,0.5584415584415583,0.5411764705882354,0.05555555555555555
0.6960711638250556,0.7084978540772532,0.6753246753246753,0.4705882352941177,0.3888888888888889
0.37805782060785775,0.3416309012875537,0.46753246753246747,0.588235294117647,0.0
0.6404744255003707,0.6456652360515022,0.5974025974025972,0.4352941176470589,0.5925925925925926
0.7027427724240178,0.715593705293276,0.49350649350649345,0.4470588235294118,0.07407407407407407
0.4166048925129726,0.38432045779685253,0.5194805194805194,0.7294117647058822,0.2222222222222222
0.42772424017790966,0.3988555078683834,0.7272727272727273,0.4941176470588235,0.0
0.3795404002965159,0.3433476394849785,0.6103896103896103,0.8352941176470587,0.037037037037037035
0.4684951816160119,0.4479542203147352,0.5584415584415583,0.6352941176470588,0.05555555555555555
0.5270570793180134,0.5148497854077253,0.4285714285714286,0.29411764705882354,0.0
0.4262416604892514,0.3965665236051502,0.6233766233766234,0.7647058823529411,0.18518518518518517
0.7331356560415123,0.7541058655221745,0.35064935064935066,0.4705882352941177,0.2962962962962963
0.46256486286137877,0.44074391988555073,0.5714285714285714,0.6000000000000001,0.0
0.6449221645663455,0.6511587982832617,0.6493506493506491,0.4470588235294118,0.2222222222222222
0.32839140103780573,0.283376251788269,0.5324675324675325,0.5176470588235293,0.25925925925925924
0.3891771682727948,0.3545064377682403,0.48051948051948057,0.7058823529411764,0.05555555555555555
0.4551519644180875,0.43181688125894135,0.6493506493506491,0.611764705882353,0.18518518518518517
0.6819866567828021,0.6932761087267524,0.5194805194805194,0.6470588235294117,0.24074074074074076
0.6730911786508526,0.6839484978540772,0.4155844155844155,0.5058823529411764,0.0
0.5663454410674574,0.5538769670958513,0.5324675324675325,0.411764705882353,0.0
0.5989621942179393,0.5955937052932762,0.4155844155844155,0.5058823529411764,0.2037037037037037
0.553002223869533,0.5433476394849784,0.4155844155844155,0.611764705882353,0.037037037037037035
0.17494440326167535,0.11547925608011445,0.3896103896103895,0.6000000000000001,0.0
0.29132690882134915,0.24497854077253212,0.46753246753246747,0.4705882352941177,0.0
0.48702742772424024,0.47072961373390565,0.46753246753246747,0.8117647058823529,0.0
0.7657524091919942,0.7925035765379113,0.6103896103896103,0.4588235294117647,0.0
0.34914751667902155,0.30638054363376255,0.23376623376623362,0.5647058823529412,0.09259259259259259
0.6716085989621943,0.6819456366237483,0.36363636363636354,0.36470588235294116,0.2037037037037037
0.624907338769459,0.6289556509298998,0.2987012987012987,0.5529411764705883,0.0
0.4810971089696071,0.4628898426323319,0.5584415584415583,0.37647058823529417,0.0
0.3106004447739067,0.26649499284692424,0.4155844155844155,0.5529411764705883,0.4444444444444444
0.5789473684210527,0.5700143061516453,0.4155844155844155,0.4588235294117647,0.27777777777777773
0.6515937731653078,0.6602002861230328,0.4025974025974026,0.24705882352941183,0.1111111111111111
0.45144551519644194,0.4276967095851215,0.7012987012987011,0.6941176470588235,0.24074074074074076
0.7568569310600446,0.7826037195994279,0.3246753246753247,0.411764705882353,0.37037037037037035
0.3031875463306153,0.25974248927038623,0.7402597402597404,0.38823529411764707,0.05555555555555555
0.7709414381022981,0.8010872675250357,0.24675324675324672,0.5058823529411764,0.0
0.647887323943662,0.6560801144492131,0.48051948051948057,0.37647058823529417,0.07407407407407407
0.6345441067457377,0.6397711015736766,0.20779220779220764,0.23529411764705882,0.18518518518518517
0.44329132690882134,0.4192274678111588,0.5194805194805194,0.7647058823529411,0.1111111111111111
0.452186805040771,0.42838340486409154,0.5714285714285714,0.4470588235294118,0.037037037037037035
0.5455893254262417,0.5274391988555079,0.35064935064935066,0.4823529411764706,0.49999999999999994
0.4988880652335064,0.47290414878397713,0.5844155844155845,0.4823529411764706,0.037037037037037035
0.6174944403261675,0.619456366237482,0.5064935064935063,0.4352941176470589,0.0
0.5389177168272795,0.52137339055794,0.2597402597402596,0.35294117647058826,0.3518518518518518
0.7123795404002966,0.7286409155937054,0.3896103896103895,0.36470588235294116,0.25925925925925924
0.6767976278724982,0.6877825464949928,0.5194805194805194,0.5294117647058822,0.0
0.3535952557449964,0.3110729613733906,0.5844155844155845,0.776470588235294,0.037037037037037035
0.5455893254262417,0.5277825464949929,0.46753246753246747,0.4705882352941177,0.018518518518518517
0.3802816901408451,0.3446065808297567,0.5064935064935063,0.4352941176470589,0.0
0.6656782802075613,0.675937052932761,0.5194805194805194,0.4941176470588235,0.3148148148148148
0.6145292809488511,0.6166523605150215,0.2857142857142856,0.4588235294117647,0.25925925925925924
0.5856189770200149,0.5792846924177396,0.5324675324675325,0.5176470588235293,0.5185185185185186
0.6338028169014085,0.6395994277539342,0.5974025974025972,0.4823529411764706,0.4444444444444444
0.5789473684210527,0.569728183118741,0.5584415584415583,0.4823529411764706,0.3148148148148148
0.7212750185322462,0.739513590844063,0.37662337662337664,0.5294117647058822,0.37037037037037035
0.38621200889547813,0.35141630901287546,0.49350649350649345,0.5176470588235293,0.0
0.4810971089696071,0.46294706723891266,0.5064935064935063,0.5764705882352941,0.14814814814814814
0.40770941438102304,0.3760228898426323,0.7402597402597404,0.5764705882352941,0.05555555555555555
0.6167531504818384,0.6185979971387697,0.18181818181818166,0.6235294117647059,0.49999999999999994
0.5596738324684952,0.544206008583691,0.35064935064935066,0.4235294117647059,0.14814814814814814
0.4633061527057081,0.44114449213161655,0.6103896103896103,0.6823529411764706,0.018518518518518517
0.3728687916975538,0.33608011444921315,0.6623376623376622,0.588235294117647,0.18518518518518517
0.7524091919940697,0.7763090128755364,0.4285714285714286,0.411764705882353,0.14814814814814814
0.6827279466271313,0.6937911301859799,0.2987012987012987,0.32941176470588235,0.12962962962962962
0.6226834692364716,0.6264377682403431,0.5194805194805194,0.7529411764705882,0.37037037037037035
0.44477390659747973,0.39422031473533614,0.5194805194805194,0.4235294117647059,0.018518518518518517
0.5656041512231283,0.5509585121602288,0.23376623376623362,0.36470588235294116,0.24074074074074076
0.5085248332097851,0.4857224606580829,0.5194805194805194,0.29411764705882354,0.27777777777777773
0.5315048183839882,0.5190844062947068,0.5324675324675325,0.7882352941176469,0.07407407407407407
0.6041512231282432,0.6020028612303291,0.6753246753246753,0.4705882352941177,0.1111111111111111
0.5997034840622685,0.5914735336194564,0.7272727272727273,0.37647058823529417,0.14814814814814814
0.6671608598962195,0.6771387696709584,0.46753246753246747,0.30588235294117644,0.5925925925925926
0.5922905856189771,0.5876967095851217,0.5454545454545456,0.5058823529411764,0.14814814814814814
0.4536693847294293,0.43021459227467806,0.35064935064935066,0.4823529411764706,0.24074074074074076
0.4321719792438843,0.40354792560801145,0.5844155844155845,0.588235294117647,0.3148148148148148
0.3587842846553002,0.31828326180257505,0.4415584415584415,0.5411764705882354,0.0
0.2942920681986657,0.2501859799713876,0.5324675324675325,0.7411764705882353,0.0
0.46478873239436624,0.44314735336194555,0.4415584415584415,0.4588235294117647,0.05555555555555555
0.5900667160859897,0.5846065808297566,0.4415584415584415,0.25882352941176473,0.3148148148148148
0.5381764269829504,0.5258941344778255,0.5584415584415583,0.8,0.0
0.6849518161601187,0.6955650929899856,0.6883116883116884,0.32941176470588235,0.0
0.5181616011860638,0.507868383404864,0.24675324675324672,0.611764705882353,0.0
0.4736842105263158,0.43896995708154507,0.4285714285714286,0.5764705882352941,0.27777777777777773
0.6634544106745739,0.6737625178826895,0.48051948051948057,0.4470588235294118,0.4259259259259259
0.3691623424759082,0.29127324749642336,0.37662337662337664,0.588235294117647,0.4444444444444444
0.4329132690882136,0.4042918454935621,0.5324675324675325,0.6000000000000001,0.2037037037037037
0.553002223869533,0.5369957081545064,0.4545454545454546,0.5176470588235293,0.2962962962962963
0.6819866567828021,0.6933333333333332,0.4155844155844155,0.36470588235294116,0.4074074074074074
0.5048183839881394,0.49281831187410585,0.4415584415584415,0.6000000000000001,0.12962962962962962
0.47961452928094883,0.4610586552217454,0.6753246753246753,0.5529411764705883,0.0
0.569310600444774,0.5561087267525034,0.4025974025974026,0.4470588235294118,0.27777777777777773
0.6360266864343959,0.6413733905579398,0.5584415584415583,0.28235294117647064,0.4074074074074074
0.3669384729429207,0.32932761087267526,0.7012987012987011,0.6823529411764706,0.0
0.6226834692364716,0.6262660944206008,0.5064935064935063,0.5058823529411764,0.0
0.6819866567828021,0.69310443490701,0.46753246753246747,0.36470588235294116,0.07407407407407407
0.4469977761304671,0.42191702432045786,0.6493506493506491,0.5176470588235293,0.0
0.7427724240177911,0.7662947067238911,0.5844155844155845,0.39999999999999997,0.14814814814814814
0.5952557449962936,0.590557939914163,0.48051948051948057,0.4470588235294118,0.24074074074074076
0.3595255744996294,0.3191988555078683,0.2857142857142856,0.7176470588235293,0.3148148148148148
0.5478131949592291,0.5365379113018599,0.6233766233766234,0.6823529411764706,0.05555555555555555
0.6619718309859156,0.6715307582260371,0.4545454545454546,0.6352941176470588,0.3518518518518518
0.4633061527057081,0.4409155937052932,0.5844155844155845,0.611764705882353,0.0
0.4773906597479616,0.45911301859799714,0.5194805194805194,0.6588235294117646,0.0
0.4551519644180875,0.4323319027181688,0.37662337662337664,0.5529411764705883,0.27777777777777773
0.47961452928094883,0.4612875536480686,0.6493506493506491,0.6235294117647059,0.018518518518518517
0.5448480355819126,0.5338483547925609,0.5064935064935063,0.7529411764705882,0.0
0.3869532987398073,0.3520457796852646,0.7272727272727273,0.4941176470588235,0.4074074074074074
0.4618235730170497,0.4402288984263233,0.4545454545454546,0.6235294117647059,0.09259259259259259
0.5893254262416606,0.5836337625178826,0.2727272727272727,0.5764705882352941,0.574074074074074
0.3254262416604893,0.28165951359084396,0.5454545454545456,0.5647058823529412,0.0
0.2868791697553744,0.2375393419170243,0.5064935064935063,0.7058823529411764,0.24074074074074076
0.5485544848035582,0.5318454935622318,0.4155844155844155,0.4823529411764706,0.16666666666666666
0.5715344699777614,0.5605150214592275,0.6623376623376622,0.8117647058823529,0.0
0.4180874722016309,0.38632331902718176,0.753246753246753,0.5411764705882354,0.0
0.40548554484803556,0.373447782546495,0.7142857142857142,0.6000000000000001,0.07407407407407407
0.452186805040771,0.4290701001430616,0.4415584415584415,0.6588235294117646,0.14814814814814814
0.4544106745737584,0.4309012875536481,0.6233766233766234,0.4823529411764706,0.1111111111111111
0.5767234988880653,0.5645207439198855,0.4025974025974026,0.6235294117647059,0.14814814814814814
0.41289844329132686,0.38071530758226024,0.5454545454545456,0.5764705882352941,0.05555555555555555
0.4173461823573017,0.3856366237482117,0.5064935064935063,0.7294117647058822,0.0
0.5411415863602669,0.5230329041487839,0.5194805194805194,0.4705882352941177,0.12962962962962962
0.3951074870274277,0.3604005722460658,0.46753246753246747,0.611764705882353,0.1111111111111111
0.4603409933283914,0.4390844062947067,0.48051948051948057,0.6000000000000001,0.12962962962962962
0.5092661230541142,0.4969384835479256,0.5844155844155845,0.411764705882353,0.0
0.535952557449963,0.5175965665236052,0.5194805194805194,0.4588235294117647,0.0
0.3106004447739067,0.2666666666666667,0.5844155844155845,0.6470588235294117,0.0
0.39955522609340255,0.3649785407725321,0.6233766233766234,0.6470588235294117,0.3518518518518518
0.40029651593773163,0.3661802575107296,0.2597402597402596,0.5058823529411764,0.0
0.5174203113417346,0.4963662374821173,0.24675324675324672,0.4470588235294118,0.27777777777777773
0.6293550778354337,0.6330185979971387,0.4415584415584415,0.4705882352941177,0.2222222222222222
0.776130467012602,0.8066380543633761,0.6103896103896103,0.39999999999999997,0.48148148148148145
0.630096367679763,0.6231187410586553,0.5844155844155845,0.7647058823529411,0.0
0.3291326908821349,0.284349070100143,0.5324675324675325,0.7411764705882353,0.0
0.5455893254262417,0.5274391988555079,0.4155844155844155,0.32941176470588235,0.037037037037037035
0.27131208302446264,0.21928469241773962,0.46753246753246747,0.4588235294117647,0.16666666666666666
0.3758339510748703,0.3387696709585122,0.6103896103896103,0.7176470588235293,0.2222222222222222
0.8028169014084507,0.8421173104434906,0.48051948051948057,0.5764705882352941,0.2962962962962963
0.44255003706449225,0.41716738197424885,0.3896103896103895,0.588235294117647,0.12962962962962962
0.6627131208302447,0.6721602288984262,0.7012987012987011,0.411764705882353,0.07407407407407407
0.714603409933284,0.7317882689556509,0.5324675324675325,0.24705882352941183,0.3148148148148148
0.5930318754633063,0.5880972818311875,0.5584415584415583,0.36470588235294116,0.37037037037037035
0.4232765011119348,0.3926752503576537,0.8831168831168832,0.7529411764705882,0.0
0.5240919199406968,0.5042632331902718,0.4025974025974026,0.36470588235294116,0.27777777777777773
0.6345441067457377,0.6396566523605148,0.7272727272727273,0.5058823529411764,0.27777777777777773
0.3802816901408451,0.34472103004291843,0.46753246753246747,0.4588235294117647,0.0
0.5292809488510007,0.5178826895565093,0.49350649350649345,0.5647058823529412,0.16666666666666666
0.3150481838398814,0.2709585121602289,0.4155844155844155,0.28235294117647064,0.27777777777777773
0.3795404002965159,0.3434620886981402,0.4545454545454546,0.23529411764705882,0.037037037037037035
0.3469236471460341,0.3045493562231759,0.5844155844155845,0.5411764705882354,0.2222222222222222
0.6767976278724982,0.687725321888412,0.20779220779220764,0.4235294117647059,0.6111111111111112
0.6189770200148259,0.6213447782546494,0.6233766233766234,0.5764705882352941,0.0
0.6100815418828762,0.6092131616595134,0.36363636363636354,0.34117647058823525,0.0
0.2105263157894737,0.15954220314735335,0.6493506493506491,0.6588235294117646,0.24074074074074076
0.5685693106004449,0.5565092989985693,0.6493506493506491,0.5058823529411764,0.0
0.35063009636767983,0.308555078683834,0.6233766233766234,0.588235294117647,0.2037037037037037
0.32171979243884363,0.2774248927038627,0.2987012987012987,0.4823529411764706,0.18518518518518517
0.6189770200148259,0.6219742489270385,0.33766233766233755,0.39999999999999997,0.46296296296296297
0.36397331356560414,0.3250929899856938,0.5714285714285714,0.6352941176470588,0.0
0.45144551519644194,0.4277539341917024,0.48051948051948057,0.6470588235294117,0.09259259259259259
0.267605633802817,0.21333333333333337,0.37662337662337664,0.6470588235294117,0.09259259259259259
0.6938472942920683,0.7062660944206008,0.4415584415584415,0.6588235294117646,0.24074074074074076
0.7679762787249816,0.7954792560801144,0.37662337662337664,0.37647058823529417,0.25925925925925924
0.2105263157894737,0.1591988555078684,0.35064935064935066,0.7294117647058822,0.0
0.4959229058561898,0.48148783977110154,0.5974025974025972,0.4588235294117647,0.12962962962962962
0.5011119347664938,0.48841201716738203,0.5974025974025972,0.4470588235294118,0.0
0.3587842846553002,0.3182260371959943,0.5064935064935063,0.6000000000000001,0.27777777777777773
0.7487027427724242,0.7711587982832618,0.31168831168831157,0.29411764705882354,0.2222222222222222
0.4662713120830245,0.4457796852646637,0.6233766233766234,0.7529411764705882,0.4259259259259259
0.41363973313565605,0.38128755364806854,0.5064935064935063,0.5411764705882354,0.018518518518518517
0.51297257227576,0.4908726752503576,0.48051948051948057,0.4470588235294118,0.24074074074074076
0.630096367679763,0.6343347639484979,0.19480519480519476,0.5058823529411764,0.12962962962962962
0.6775389177168274,0.6884120171673819,0.5324675324675325,0.6235294117647059,0.18518518518518517
0.21349147516679026,0.16143061516452073,0.5974025974025972,0.7294117647058822,0.018518518518518517
0.2942920681986657,0.25024320457796856,0.5194805194805194,0.6941176470588235,0.12962962962962962
0.6612305411415865,0.6701001430615164,0.5714285714285714,0.5176470588235293,0.3518518518518518
0.46256486286137877,0.44085836909871245,0.753246753246753,0.7647058823529411,0.16666666666666666
0.3802816901408451,0.3448927038626609,0.7142857142857142,0.6235294117647059,0.07407407407407407
0.5789473684210527,0.5649213161659513,0.4155844155844155,0.6823529411764706,0.3333333333333333
0.3802816901408451,0.3446065808297567,0.753246753246753,0.39999999999999997,0.2962962962962963
0.36323202372127505,0.32371959942775397,0.5714285714285714,0.6470588235294117,0.0
0.46404744255003716,0.4417739628040057,0.4545454545454546,0.5529411764705883,0.0
0.35730170496664204,0.3161659513590843,0.49350649350649345,0.4588235294117647,0.0
0.6938472942920683,0.7056938483547927,0.6363636363636365,0.38823529411764707,0.2222222222222222
0.48554484803558196,0.4528183118741057,0.33766233766233755,0.4352941176470589,0.16666666666666666
0.8836174944403263,0.9317310443490702,0.5714285714285714,0.4235294117647059,0.16666666666666666
0.4618235730170497,0.44017167381974254,0.5844155844155845,0.7529411764705882,0.0
0.3528539659006672,0.27925608011444913,0.4545454545454546,0.27058823529411763,0.3518518518518518
0.4677538917716827,0.4469814020028612,0.6623376623376622,0.6000000000000001,0.0
0.6182357301704968,0.6202002861230328,0.4155844155844155,0.4588235294117647,0.3148148148148148
0.8621200889547815,0.900143061516452,0.22077922077922074,0.38823529411764707,0.18518518518518517
0.45663454410674575,0.4341630901287553,0.7142857142857142,0.7058823529411764,0.16666666666666666
0.3884358784284655,0.35359084406294705,0.5324675324675325,0.5647058823529412,0.037037037037037035
0.34099332839140106,0.2989413447782546,0.4025974025974026,0.5176470588235293,0.14814814814814814
0.469236471460341,0.448698140200286,0.49350649350649345,0.5647058823529412,0.4074074074074074
0.3254262416604893,0.2814878397711015,0.6103896103896103,0.4823529411764706,0.0
0.5018532246108229,0.47874105865522165,0.4285714285714286,0.5529411764705883,0.2222222222222222
0.7138621200889549,0.7312160228898424,0.48051948051948057,0.5294117647058822,0.2962962962962963
0.6990363232023723,0.7109585121602288,0.48051948051948057,0.7294117647058822,0.2037037037037037
0.6716085989621943,0.6819456366237483,0.36363636363636354,0.32941176470588235,0.27777777777777773
0.48554484803558196,0.4686123032904149,0.7272727272727273,0.4588235294117647,0.2962962962962963
0.6723498888065234,0.6826323319027182,0.3246753246753247,0.34117647058823525,0.6666666666666667
0.2527798369162343,0.19885550786838335,0.46753246753246747,0.6588235294117646,0.0
0.6434395848776873,0.6489842632331903,0.49350649350649345,0.4352941176470589,0.49999999999999994
0.4618235730170497,0.4402288984263233,0.5974025974025972,0.5058823529411764,0.18518518518518517
0.5485544848035582,0.5373390557939913,0.5714285714285714,0.8117647058823529,0.07407407407407407
0.6226834692364716,0.6260944206008582,0.37662337662337664,0.23529411764705882,0.2037037037037037
0.2861378799110452,0.23570815450643778,0.7012987012987011,0.5176470588235293,0.2222222222222222
0.3380281690140845,0.29533619456366234,0.2727272727272727,0.5294117647058822,0.07407407407407407
0.3535952557449964,0.31113018597997133,0.6103896103896103,0.6352941176470588,0.0
0.29799851742031136,0.25379113018598,0.3896103896103895,0.411764705882353,0.24074074074074076
0.4959229058561898,0.4821173104434906,0.4285714285714286,0.6588235294117646,0.0
0.35656041512231285,0.3147925608011445,0.5324675324675325,0.5176470588235293,0.3333333333333333
0.6160118606375093,0.6174535050071531,0.5194805194805194,0.39999999999999997,0.0
0.43513713862120096,0.4081831187410586,0.6493506493506491,0.6352941176470588,0.0
0.31208302446256486,0.268555078683834,0.3896103896103895,0.611764705882353,0.0
0.3795404002965159,0.3432904148783976,0.7272727272727273,0.4470588235294118,0.1111111111111111
0.5085248332097851,0.48577968526466375,0.4025974025974026,0.34117647058823525,0.09259259259259259
0.5255744996293552,0.5140486409155937,0.37662337662337664,0.4705882352941177,0.1111111111111111
0.6271312083024463,0.6306723891273246,0.5064935064935063,0.611764705882353,0.14814814814814814
0.5211267605633804,0.5110157367668097,0.5714285714285714,0.38823529411764707,0.09259259259259259
0.3891771682727948,0.35433476394849783,0.49350649350649345,0.4588235294117647,0.05555555555555555
0.5641215715344701,0.5497567954220316,0.5844155844155845,0.4823529411764706,0.3888888888888889
0.6834692364714604,0.6938483547925608,0.24675324675324672,0.411764705882353,0.574074074074074
0.3750926612305412,0.3387124463519312,0.2727272727272727,0.4823529411764706,0.0
0.5515196441808748,0.5343061516452073,0.5324675324675325,0.5176470588235293,0.3518518518518518
0.6071163825055598,0.6058369098712445,0.49350649350649345,0.4941176470588235,0.49999999999999994
0.680504077094144,0.6909298998569385,0.37662337662337664,0.7294117647058822,0.18518518518518517
0.6315789473684211,0.6364520743919885,0.46753246753246747,0.5058823529411764,0.18518518518518517
0.2683469236471461,0.2135622317596566,0.36363636363636354,0.6352941176470588,0.16666666666666666
0.5255744996293552,0.5142203147353362,0.5714285714285714,0.5176470588235293,0.037037037037037035
0.6945885841363975,0.7066094420600858,0.3896103896103895,0.4352941176470589,0.574074074074074
0.4818383988139364,0.46437768240343347,0.7012987012987011,0.7176470588235293,0.018518518518518517
0.45811712379540415,0.43582260371959936,0.4545454545454546,0.4941176470588235,0.0
0.23795404002965162,0.18517882689556509,0.37662337662337664,0.6823529411764706,0.0
0.452186805040771,0.40371959942775393,0.4285714285714286,0.11764705882352944,0.16666666666666666
0.4306893995552261,0.4021745350500714,0.5324675324675325,0.7647058823529411,0.018518518518518517
0.6123054114158637,0.612761087267525,0.4545454545454546,0.7411764705882353,0.46296296296296297
0.759080800593032,0.7847782546494994,0.6623376623376622,0.7176470588235293,0.1111111111111111
0.3320978502594515,0.28886981402002865,0.6623376623376622,0.611764705882353,0.09259259259259259
0.7064492216456636,0.7218311874105866,0.36363636363636354,0.4588235294117647,0.5185185185185186
0.7998517420311342,0.8361659513590843,0.5974025974025972,0.6588235294117646,0.05555555555555555
0.4099332839140104,0.37831187410586553,0.36363636363636354,0.6235294117647059,0.24074074074074076
0.731653076352854,0.7526752503576538,0.4415584415584415,0.30588235294117644,0.4074074074074074
0.4047442550037065,0.3719027181688126,0.7272727272727273,0.39999999999999997,0.3333333333333333
0.5166790214974055,0.505579399141631,0.5974025974025972,0.7294117647058822,0.0
0.4388435878428466,0.41173104434907015,0.4285714285714286,0.5529411764705883,0.0
0.5537435137138622,0.5437482117310443,0.36363636363636354,0.6588235294117646,0.0
0.7768717568569311,0.807439198855508,0.4415584415584415,0.35294117647058826,0.4074074074074074
0.5811712379540401,0.5722460658082974,0.6623376623376622,0.4588235294117647,0.0
0.38547071905114905,0.35055793991416306,0.5844155844155845,0.8,0.09259259259259259
0.7279466271312084,0.748612303290415,0.37662337662337664,0.4705882352941177,0.27777777777777773
0.6115641215715346,0.6117882689556507,0.49350649350649345,0.31764705882352945,0.1111111111111111
0.6686434395848778,0.67862660944206,0.7662337662337662,0.5058823529411764,0.05555555555555555
0.44477390659747973,0.4205436337625178,0.6623376623376622,0.4705882352941177,0.07407407407407407
0.5203854707190513,0.5102718168812589,0.48051948051948057,0.5176470588235293,0.09259259259259259
0.7501853224610824,0.7731044349070101,0.7402597402597404,0.6000000000000001,0.37037037037037035
0.7294292068198667,0.7501001430615165,0.46753246753246747,0.611764705882353,0.25925925925925924
0.7242401779095627,0.7443776824034335,0.5714285714285714,0.4705882352941177,0.3333333333333333
0.5967383246849519,0.5924463519313304,0.36363636363636354,0.4823529411764706,0.1111111111111111
0.6916234247590808,0.7033476394849784,0.7012987012987011,0.36470588235294116,0.1111111111111111
0.3224610822831727,0.2791988555078684,0.5064935064935063,0.5176470588235293,0.0
0.5255744996293552,0.5056938483547925,0.6363636363636365,0.5647058823529412,0.14814814814814814
0.5908080059303188,0.5853505007153076,0.3896103896103895,0.5176470588235293,0.018518518518518517
0.32097850259451444,0.27650929899856946,0.5974025974025972,0.31764705882352945,0.0
0.3876945885841364,0.35227467811158786,0.6233766233766234,0.8,0.0
0.7894736842105263,0.823862660944206,0.33766233766233755,0.4941176470588235,0.18518518518518517
0.4180874722016309,0.3867811158798282,0.4415584415584415,0.611764705882353,0.0
0.8280207561156414,0.8750214592274678,0.6103896103896103,0.24705882352941183,0.3333333333333333
0.41289844329132686,0.35244635193133045,0.7272727272727273,0.4823529411764706,0.07407407407407407
0.6330615270570794,0.6379971387696709,0.5454545454545456,0.5176470588235293,0.18518518518518517
0.6893995552260935,0.7016309012875536,0.5844155844155845,0.37647058823529417,0.37037037037037035
0.4240177909562639,0.36532188841201707,0.49350649350649345,0.5529411764705883,0.5555555555555556
0.5174203113417346,0.49682403433476396,0.5974025974025972,0.38823529411764707,0.0
0.6352853965900668,0.629928469241774,0.6493506493506491,0.5529411764705883,0.2962962962962963
0.4306893995552261,0.4014878397711015,0.6363636363636365,0.6235294117647059,0.037037037037037035
0.6508524833209786,0.6600858369098713,0.2597402597402596,0.4470588235294118,0.46296296296296297
0.41438102297998525,0.3813447782546495,0.49350649350649345,0.6705882352941175,0.2222222222222222
0.41882876204596,0.3868383404864092,0.48051948051948057,0.7647058823529411,0.4074074074074074
0.5915492957746479,0.5863233190271816,0.33766233766233755,0.5058823529411764,0.2222222222222222
0.5959970348406227,0.591874105865522,0.6623376623376622,0.4705882352941177,0.37037037037037035
0.3306152705707932,0.2856652360515022,0.6363636363636365,0.7411764705882353,0.0
0.45144551519644194,0.4274105865522173,0.3896103896103895,0.5529411764705883,0.0
0.6219421793921424,0.6256366237482117,0.4285714285714286,0.4352941176470589,0.05555555555555555
0.4951816160118607,0.4663233190271816,0.35064935064935066,0.611764705882353,0.25925925925925924
0.5463306152705709,0.5277825464949929,0.36363636363636354,0.30588235294117644,0.0
0.6389918458117124,0.6444062947067238,0.5454545454545456,0.29411764705882354,0.4074074074074074
0.5885841363973314,0.5789985693848355,0.6103896103896103,0.776470588235294,0.0
0.6931060044477392,0.705236051502146,0.3246753246753247,0.39999999999999997,0.16666666666666666
0.6508524833209786,0.6600286123032902,0.6493506493506491,0.5058823529411764,0.2037037037037037
0.3439584877687176,0.30174535050071527,0.6103896103896103,0.588235294117647,0.0
0.45663454410674575,0.43439198855507855,0.48051948051948057,0.6823529411764706,0.27777777777777773
0.5789473684210527,0.5661802575107294,0.5324675324675325,0.5058823529411764,0.0
0.6701260192735361,0.6793133047210299,0.6753246753246753,0.5411764705882354,0.12962962962962962
0.5522609340252039,0.542145922746781,0.3896103896103895,0.4941176470588235,0.0
0.4336545589325427,0.4058941344778254,0.6363636363636365,0.6941176470588235,0.0
0.3535952557449964,0.3111874105865521,0.753246753246753,0.8,0.0
0.49962935507783546,0.48566523605150214,0.48051948051948057,0.6352941176470588,0.0
0.44996293550778355,0.42552217453505004,0.6103896103896103,0.6235294117647059,0.2962962962962963
0.41512231282431433,0.38231759656652353,0.3246753246753247,0.4823529411764706,0.24074074074074076
0.6071163825055598,0.6056652360515021,0.5454545454545456,0.35294117647058826,0.49999999999999994
0.608598962194218,0.6008011444921316,0.857142857142857,0.4588235294117647,0.14814814814814814
0.3617494440326168,0.32228898426323327,0.4545454545454546,0.5411764705882354,0.0
0.49444032616753164,0.4798283261802575,0.3246753246753247,0.4823529411764706,0.0
0.3891771682727948,0.35427753934191697,0.5974025974025972,0.6705882352941175,0.16666666666666666
0.44255003706449225,0.4171101573676681,0.6363636363636365,0.5411764705882354,0.0
0.664195700518903,0.6746781115879829,0.5454545454545456,0.30588235294117644,0.14814814814814814
0.6649369903632321,0.6753648068669528,0.35064935064935066,0.5176470588235293,0.5185185185185186
0.4306893995552261,0.4016022889842632,0.7922077922077924,0.4941176470588235,0.0
0.3543365455893255,0.311587982832618,0.48051948051948057,0.5529411764705883,0.037037037037037035
0.6515937731653078,0.6610014306151645,0.48051948051948057,0.5411764705882354,0.0
0.65826538176427,0.667181688125894,0.3246753246753247,0.6823529411764706,0.1111111111111111
0.5559673832468497,0.5407153075822603,0.2727272727272727,0.4588235294117647,0.24074074074074076
0.3795404002965159,0.3434620886981402,0.5844155844155845,0.4941176470588235,0.14814814814814814
0.39807264640474427,0.36331902718168807,0.37662337662337664,0.5647058823529412,0.2222222222222222
0.5782060785767236,0.5664091559370529,0.3896103896103895,0.38823529411764707,0.2962962962962963
0.603409933283914,0.6008583690987123,0.4155844155844155,0.4588235294117647,0.3518518518518518
0.7005189028910305,0.7139341917024321,0.4415584415584415,0.5529411764705883,0.5555555555555556
0.4099332839140104,0.3782546494992848,0.5844155844155845,0.4470588235294118,0.0
0.6330615270570794,0.6376537911301859,0.4415584415584415,0.5411764705882354,0.4074074074074074
0.7353595255744998,0.7553648068669526,0.4415584415584415,0.4823529411764706,0.4259259259259259
0.6234247590808006,0.6173390557939914,0.35064935064935066,0.6470588235294117,0.018518518518518517
0.3936249073387694,0.3589699570815451,0.6883116883116884,0.6941176470588235,0.0
0.4336545589325427,0.40600858369098713,0.48051948051948057,0.4470588235294118,0.3148148148148148
0.4336545589325427,0.4051502145922746,0.5584415584415583,0.38823529411764707,0.07407407407407407
0.32765011119347665,0.2829184549356222,0.5064935064935063,0.7294117647058822,0.0
0.42846553002223875,0.39937052932761086,0.5194805194805194,0.8117647058823529,0.0
0.3617494440326168,0.322632331902718,0.5064935064935063,0.5764705882352941,0.07407407407407407
0.45737583395107495,0.4350786838340486,0.5844155844155845,0.6823529411764706,0.0
0.6627131208302447,0.6720457796852645,0.6233766233766234,0.6235294117647059,0.0
0.7353595255744998,0.755937052932761,0.37662337662337664,0.4705882352941177,0.537037037037037
0.4173461823573017,0.38529327610872677,0.5714285714285714,0.5529411764705883,0.0
0.4988880652335064,0.47370529327610866,0.5194805194805194,0.4588235294117647,0.24074074074074076
0.42772424017790966,0.39782546494992843,0.6233766233766234,0.5764705882352941,0.0
0.45737583395107495,0.41659513590844055,0.49350649350649345,0.5764705882352941,0.16666666666666666
0.45663454410674575,0.4341630901287553,0.48051948051948057,0.7411764705882353,0.037037037037037035
0.5411415863602669,0.5235479256080114,0.5324675324675325,0.30588235294117644,0.46296296296296297
0.6048925129725723,0.6034907010014307,0.4545454545454546,0.34117647058823525,0.46296296296296297
0.45070422535211263,0.4266094420600858,0.7012987012987011,0.5647058823529412,0.07407407407407407
0.4306893995552261,0.40223175965665237,0.4285714285714286,0.7058823529411764,0.018518518518518517
0.4395848776871758,0.41333333333333333,0.6103896103896103,0.6705882352941175,0.018518518518518517
0.346182357301705,0.30409155937052934,0.4415584415584415,0.4470588235294118,0.0
0.5930318754633063,0.5883261802575107,0.33766233766233755,0.11764705882352944,0.27777777777777773
0.3610081541882877,0.32131616595135903,0.5454545454545456,0.6941176470588235,0.0
0.5685693106004449,0.5549642346208871,0.5844155844155845,0.28235294117647064,0.0
0.38398813936249077,0.34855507868383395,0.3896103896103895,0.7529411764705882,0.0
0.3002223869532987,0.25630901287553653,0.49350649350649345,0.5764705882352941,0.07407407407407407
0.37212750185322463,0.33533619456366237,0.36363636363636354,0.6705882352941175,0.14814814814814814
0.6130467012601929,0.6137911301859801,0.31168831168831157,0.6823529411764706,0.4259259259259259
0.7279466271312084,0.7488412017167382,0.4285714285714286,0.588235294117647,0.3333333333333333
0.37212750185322463,0.33493562231759644,0.6753246753246753,0.7882352941176469,0.0
0.34914751667902155,0.3071816881258941,0.6493506493506491,0.5176470588235293,0.07407407407407407
0.4536693847294293,0.4300429184549356,0.5324675324675325,0.5176470588235293,0.0
0.44106745737583397,0.41602288984263236,0.6363636363636365,0.5058823529411764,0.037037037037037035
0.323943661971831,0.28051502145922746,0.3896103896103895,0.6000000000000001,0.0
0.5114899925871016,0.48938483547925604,0.5064935064935063,0.5764705882352941,0.16666666666666666
0.4699777613046703,0.4317596566523605,0.37662337662337664,0.4352941176470589,0.037037037037037035
0.39807264640474427,0.3636051502145923,0.7142857142857142,0.5176470588235293,0.09259259259259259
0.5574499629355079,0.5422603719599427,0.5454545454545456,0.5176470588235293,0.2037037037037037
0.5893254262416606,0.5798569384835478,0.49350649350649345,0.588235294117647,0.037037037037037035
0.6656782802075613,0.6759942775393418,0.4285714285714286,0.4823529411764706,0.3148148148148148
0.4951816160118607,0.46786838340486414,0.5844155844155845,0.4470588235294118,0.574074074074074
0.36471460340993334,0.32618025751072954,0.33766233766233755,0.5176470588235293,0.3333333333333333
0.608598962194218,0.6070958512160228,0.48051948051948057,0.6470588235294117,0.46296296296296297
0.6456634544106746,0.6523032904148783,0.5194805194805194,0.4235294117647059,0.16666666666666666
0.3535952557449964,0.3110157367668097,0.5454545454545456,0.6352941176470588,0.18518518518518517
0.6004447739065976,0.5974248927038627,0.3246753246753247,0.5058823529411764,0.37037037037037035
0.48702742772424024,0.4705007153075822,0.4545454545454546,0.5058823529411764,0.24074074074074076
0.7753891771682729,0.8062374821173105,0.6233766233766234,0.23529411764705882,0.4074074074074074
0.6404744255003707,0.646409155937053,0.5194805194805194,0.28235294117647064,0.12962962962962962
0.4810971089696071,0.4630615164520744,0.5064935064935063,0.7058823529411764,0.0
0.5418828762045961,0.5291559370529327,0.8441558441558443,0.4588235294117647,0.0
0.5789473684210527,0.5688125894134478,0.33766233766233755,0.5294117647058822,0.14814814814814814
0.33580429948109713,0.29344778254649495,0.5064935064935063,0.5529411764705883,0.0
0.5707931801334323,0.5583977110157367,0.48051948051948057,0.611764705882353,0.2222222222222222
0.4255003706449222,0.39536480686695274,0.5454545454545456,0.4352941176470589,0.0
0.6619718309859156,0.671587982832618,0.5584415584415583,0.6588235294117646,0.3148148148148148
0.40696812453669384,0.37527896995708154,0.6623376623376622,0.5647058823529412,0.0
0.41882876204596,0.3869527896995707,0.31168831168831157,0.5411764705882354,0.0
0.39955522609340255,0.3648640915593705,0.5454545454545456,0.5294117647058822,0.25925925925925924
0.2357301704966642,0.17865522174535053,0.6493506493506491,0.5529411764705883,0.27777777777777773
0.5300222386953299,0.5102718168812589,0.2597402597402596,0.36470588235294116,0.3888888888888889
0.3587842846553002,0.31811158798283257,0.4415584415584415,0.5176470588235293,0.2962962962962963
0.4180874722016309,0.38615164520743916,0.5194805194805194,0.36470588235294116,0.0
0.7353595255744998,0.755307582260372,0.2857142857142856,0.5764705882352941,0.2962962962962963
0.42994810971089703,0.40125894134477824,0.4545454545454546,0.4235294117647059,0.0
0.44106745737583397,0.4160801144492131,0.36363636363636354,0.7294117647058822,0.0
0.36249073387694586,0.3232618025751073,0.2857142857142856,0.588235294117647,0.0
0.3328391401037806,0.29001430615164514,0.7142857142857142,0.6588235294117646,0.2037037037037037
0.4766493699036324,0.45808297567954215,0.5064935064935063,0.5294117647058822,0.0
0.7020014825796888,0.7150214592274678,0.7272727272727273,0.588235294117647,0.3148148148148148
0.4766493699036324,0.45648068669527897,0.4545454545454546,0.36470588235294116,0.0
0.7042253521126762,0.7175393419170243,0.46753246753246747,0.411764705882353,0.3888888888888889
0.871015567086731,0.9092989985693848,0.6233766233766234,0.4470588235294118,0.37037037037037035
0.6286137879911046,0.6322746781115879,0.6753246753246753,0.4705882352941177,0.3518518518518518
0.38621200889547813,0.35187410586552215,0.49350649350649345,0.6000000000000001,0.0
0.5270570793180134,0.5066666666666667,0.6623376623376622,0.411764705882353,0.0
0.686434395848777,0.6987124463519313,0.4545454545454546,0.34117647058823525,0.0
0.5233506300963677,0.5026037195994277,0.35064935064935066,0.5647058823529412,0.0
0.3758339510748703,0.33951359084406296,0.5194805194805194,0.6588235294117646,0.16666666666666666
0.7101556708673091,0.7257796852646637,0.33766233766233755,0.31764705882352945,0.0
0.45070422535211263,0.42638054363376254,0.6623376623376622,0.6705882352941175,0.3333333333333333
0.3232023721275019,0.2797138769670957,0.49350649350649345,0.31764705882352945,0.0
0.5826538176426984,0.5745922746781115,0.5324675324675325,0.4705882352941177,0.4259259259259259
0.5767234988880653,0.5646351931330472,0.31168831168831157,0.36470588235294116,0.4074074074074074
0.34173461823573026,0.29917024320457786,0.5064935064935063,0.7058823529411764,0.0
0.5300222386953299,0.5096423462088698,0.5974025974025972,0.6941176470588235,0.2037037037037037
0.6226834692364716,0.6266094420600857,0.7012987012987011,0.30588235294117644,0.2962962962962963
0.5196441808747221,0.5090128755364808,0.6753246753246753,0.8,0.0
0.4773906597479616,0.45865522174535045,0.4155844155844155,0.6352941176470588,0.27777777777777773
0.44106745737583397,0.4152789699570816,0.20779220779220764,0.6470588235294117,0.0
0.1934766493699037,0.13567954220314726,0.3896103896103895,0.588235294117647,0.12962962962962962
0.6145292809488511,0.6167095851216023,0.4285714285714286,0.28235294117647064,0.27777777777777773
0.37138621200889554,0.3339628040057224,0.5194805194805194,0.6000000000000001,0.0
0.6597479614529281,0.6690701001430616,0.4025974025974026,0.34117647058823525,0.3148148148148148
0.41289844329132686,0.38100143061516445,0.6103896103896103,0.5647058823529412,0.018518518518518517
0.45070422535211263,0.42666666666666664,0.753246753246753,0.5176470588235293,0.2037037037037037
0.5522609340252039,0.534763948497854,0.46753246753246747,0.6352941176470588,0.0
0.26908821349147516,0.2174535050071531,0.46753246753246747,0.611764705882353,0.07407407407407407
0.5663454410674574,0.5514163090128755,0.6753246753246753,0.37647058823529417,0.3518518518518518
0.4388435878428466,0.4122460658082976,0.48051948051948057,0.5647058823529412,0.0
0.4825796886582655,0.46500715307582263,0.5064935064935063,0.6823529411764706,0.09259259259259259
0.32171979243884363,0.2774248927038627,0.4155844155844155,0.7294117647058822,0.0
0.7716827279466272,0.8019456366237482,0.49350649350649345,0.34117647058823525,0.2962962962962963
0.4959229058561898,0.48108726752503583,0.5194805194805194,0.7176470588235293,0.0
0.21349147516679026,0.16143061516452073,0.5844155844155845,0.6588235294117646,0.0
0.3973313565604152,0.3621173104434906,0.6233766233766234,0.7176470588235293,0.0
0.7583395107487028,0.7837482117310443,0.5194805194805194,0.34117647058823525,0.46296296296296297
0.2935507783543365,0.2490414878397711,0.48051948051948057,0.6235294117647059,0.0
0.7531504818383988,0.7769957081545064,0.2987012987012987,0.4235294117647059,0.48148148148148145
0.4403261675315049,0.41459227467811155,0.6233766233766234,0.5294117647058822,0.18518518518518517
0.4099332839140104,0.3782546494992848,0.5194805194805194,0.5294117647058822,0.05555555555555555
0.3610081541882877,0.32085836909871246,0.7272727272727273,0.611764705882353,0.12962962962962962
0.3528539659006672,0.3107296137339055,0.5714285714285714,0.7058823529411764,0.07407407407407407
0.5203854707190513,0.4996280400572245,0.5844155844155845,0.5764705882352941,0.6111111111111112
0.6760563380281691,0.6871530758226038,0.3896103896103895,0.7411764705882353,0.1111111111111111
0.7398072646404745,0.7608011444921315,0.2857142857142856,0.5647058823529412,0.3518518518518518
0.6382505559673833,0.6437195994277539,0.4415584415584415,0.588235294117647,0.14814814814814814
0.5737583395107487,0.562346208869814,0.36363636363636354,0.39999999999999997,0.2037037037037037
0.42920681986656783,0.39994277539341916,0.5714285714285714,0.588235294117647,0.0
0.35656041512231285,0.3145064377682403,0.4415584415584415,0.6705882352941175,0.0
0.40548554484803556,0.3735622317596565,0.5454545454545456,0.6941176470588235,0.0
0.37212750185322463,0.33533619456366237,0.6233766233766234,0.7294117647058822,0.0
0.3513713862120089,0.30941344778254654,0.7922077922077924,0.6705882352941175,0.0
0.6019273535952558,0.5993133047210301,0.6233766233766234,0.6470588235294117,0.5925925925925926
0.32690882134914756,0.282346208869814,0.6103896103896103,0.5647058823529412,0.25925925925925924
0.647887323943662,0.6559656652360514,0.48051948051948057,0.29411764705882354,0.3148148148148148
0.4610822831727206,0.4394849785407725,0.922077922077922,0.5647058823529412,0.0
0.47071905114899937,0.4515593705293275,0.5324675324675325,0.7058823529411764,0.0
0.6263899184581172,0.6191702432045779,0.49350649350649345,0.4941176470588235,0.0
0.8398813936249074,0.8825178826895564,0.3246753246753247,0.4235294117647059,0.05555555555555555
0.3298739807264641,0.2849213161659514,0.46753246753246747,0.611764705882353,0.0
0.5048183839881394,0.4920171673819742,0.6883116883116884,0.5294117647058822,0.1111111111111111
0.7664936990363234,0.7947353361945636,0.3896103896103895,0.588235294117647,0.6296296296296295
0.6130467012601929,0.614134477825465,0.6883116883116884,0.4235294117647059,0.18518518518518517
0.6619718309859156,0.6717596566523606,0.4545454545454546,0.611764705882353,0.1111111111111111
0.7746478873239437,0.8053218884120171,0.4285714285714286,0.4235294117647059,0.16666666666666666
0.33358042994810977,0.2907582260371959,0.7922077922077924,0.4470588235294118,0.07407407407407407
0.4314306893995552,0.40337625178826897,0.7012987012987011,0.6000000000000001,0.14814814814814814
0.4818383988139364,0.4644921316165951,0.4285714285714286,0.5058823529411764,0.3888888888888889
0.5070422535211269,0.4848640915593705,0.5974025974025972,0.4470588235294118,0.4074074074074074
0.8087472201630839,0.8495565092989986,0.37662337662337664,0.5764705882352941,0.1111111111111111
0.4670126019273536,0.4286123032904148,0.31168831168831157,0.4941176470588235,0.1111111111111111
0.5092661230541142,0.49711015736766806,0.7662337662337662,0.5647058823529412,0.09259259259259259
0.507783543365456,0.48509298998569383,0.46753246753246747,0.1411764705882353,0.09259259259259259
0.46256486286137877,0.44068669527897,0.49350649350649345,0.611764705882353,0.2962962962962963
0.3106004447739067,0.2674105865522175,0.3896103896103895,0.5058823529411764,0.05555555555555555
0.7598220904373612,0.786552217453505,0.5324675324675325,0.4470588235294118,0.3333333333333333
0.5574499629355079,0.5424320457796853,0.4285714285714286,0.4470588235294118,0.07407407407407407
0.390659747961453,0.3562804005722461,0.8701298701298701,0.4470588235294118,0.07407407407407407
0.7227575982209046,0.7416309012875536,0.6493506493506491,0.4352941176470589,0.1111111111111111
0.6656782802075613,0.6761659513590842,0.46753246753246747,0.5647058823529412,0.1111111111111111
0.4699777613046703,0.45035765379113024,0.7142857142857142,0.7058823529411764,0.25925925925925924
0.39881393624907346,0.3640057224606581,0.7142857142857142,0.5529411764705883,0.05555555555555555
0.42179392142327654,0.39135908440629474,0.5584415584415583,0.6705882352941175,0.09259259259259259
0.6412157153446998,0.6467525035765379,0.3896103896103895,0.4470588235294118,0.25925925925925924
0.44329132690882134,0.41859799713876966,0.6233766233766234,0.6235294117647059,0.09259259259259259
0.3232023721275019,0.27982832618025744,0.24675324675324672,0.588235294117647,0.12962962962962962
0.6456634544106746,0.6525894134477827,0.6363636363636365,0.37647058823529417,0.0
0.7227575982209046,0.741859799713877,0.36363636363636354,0.5647058823529412,0.2222222222222222
0.6931060044477392,0.7050071530758225,0.37662337662337664,0.6000000000000001,0.2037037037037037
0.51297257227576,0.49098712446351933,0.4155844155844155,0.5058823529411764,0.1111111111111111
0.70941438102298,0.7249213161659512,0.3246753246753247,0.4941176470588235,0.18518518518518517
0.41512231282431433,0.3827753934191702,0.5194805194805194,0.7529411764705882,0.0
0.6842105263157895,0.6949928469241774,0.6363636363636365,0.5058823529411764,0.27777777777777773
0.6856931060044479,0.696137339055794,0.6623376623376622,0.4470588235294118,0.3148148148148148
0.2965159377316531,0.2529327610872676,0.46753246753246747,0.5647058823529412,0.0
0.8369162342475909,0.8811444921316166,0.5714285714285714,0.36470588235294116,0.05555555555555555
0.5248332097850259,0.5137625178826896,0.922077922077922,0.6352941176470588,0.0
0.7464788732394366,0.7692131616595136,0.5324675324675325,0.4235294117647059,0.24074074074074076
0.4529280948851001,0.42964234620886976,0.48051948051948057,0.776470588235294,0.14814814814814814
0.6434395848776873,0.6413733905579398,0.6493506493506491,0.4941176470588235,0.0
0.3469236471460341,0.3044349070100143,0.6103896103896103,0.5647058823529412,0.0
0.4010378057820607,0.36663805436337626,0.5584415584415583,0.4588235294117647,0.1111111111111111
0.5522609340252039,0.5346494992846923,0.2987012987012987,0.24705882352941183,0.2037037037037037
0.3587842846553002,0.3180543633762518,0.7142857142857142,0.28235294117647064,0.09259259259259259
0.4736842105263158,0.4535622317596567,0.6233766233766234,0.6941176470588235,0.0
0.5871015567086733,0.5806008583690986,0.35064935064935066,0.4705882352941177,0.14814814814814814
0.4395848776871758,0.41344778254649495,0.6363636363636365,0.5176470588235293,0.3888888888888889
0.6293550778354337,0.6338197424892703,0.35064935064935066,0.39999999999999997,0.24074074074074076
0.6953298739807265,0.7076967095851215,0.5324675324675325,0.411764705882353,0.2222222222222222
0.3832468495181617,0.34798283261802565,0.4025974025974026,0.6235294117647059,0.0
0.22386953298739812,0.16698140200286116,0.6233766233766234,0.6470588235294117,0.0
0.5893254262416606,0.5795135908440628,0.33766233766233755,0.7529411764705882,0.0
0.5670867309117865,0.5530185979971388,0.49350649350649345,0.35294117647058826,0.25925925925925924
0.6849518161601187,0.6960801144492131,0.5974025974025972,0.32941176470588235,0.16666666666666666
0.5181616011860638,0.49814020028612305,0.49350649350649345,0.31764705882352945,0.2037037037037037
0.6471460340993329,0.6547639484978541,0.48051948051948057,0.4470588235294118,0.3888888888888889
0.6434395848776873,0.6492703862660943,0.3896103896103895,0.6000000000000001,0.25925925925925924
0.5285396590066717,0.5080972818311874,0.5454545454545456,0.22352941176470592,0.0
0.5315048183839882,0.511931330472103,0.5844155844155845,0.5647058823529412,0.1111111111111111
0.6545589325426242,0.6638626609442061,0.36363636363636354,0.6470588235294117,0.16666666666666666
0.34988880652335064,0.3083261802575106,0.4545454545454546,0.4705882352941177,0.0
0.44996293550778355,0.4259799713876966,0.46753246753246747,0.7058823529411764,0.0
0.5707931801334323,0.5585121602288984,0.4025974025974026,0.5647058823529412,0.4444444444444444
0.4262416604892514,0.39690987124463517,0.5454545454545456,0.34117647058823525,0.0
0.6367679762787252,0.6422317596566524,0.5064935064935063,0.38823529411764707,0.27777777777777773
0.47813194959229066,0.4599713876967094,0.6493506493506491,0.4823529411764706,0.1111111111111111
0.6493699036323204,0.6581402002861231,0.5454545454545456,0.588235294117647,0.12962962962962962
0.6412157153446998,0.6469814020028611,0.6233766233766234,0.5176470588235293,0.24074074074074076
0.33432171979243885,0.2925321888412017,0.7792207792207793,0.7176470588235293,0.0
0.3150481838398814,0.27107296137339054,0.5454545454545456,0.5058823529411764,0.037037037037037035
0.6508524833209786,0.6599713876967096,0.37662337662337664,0.4588235294117647,0.27777777777777773
0.6367679762787252,0.6425178826895565,0.6363636363636365,0.4235294117647059,0.6296296296296295
0.37731653076352867,0.34008583690987115,0.4155844155844155,0.6941176470588235,0.0
0.7272053372868792,0.7473533619456366,0.4415584415584415,0.4588235294117647,0.2037037037037037
0.4047442550037065,0.3720171673819743,0.5714285714285714,0.588235294117647,0.037037037037037035
0.5759822090437362,0.5641773962804005,0.6753246753246753,0.29411764705882354,0.3148148148148148
0.452186805040771,0.4286123032904148,0.6103896103896103,0.4941176470588235,0.48148148148148145
0.6063750926612307,0.604978540772532,0.4415584415584415,0.5529411764705883,0.14814814814814814
0.5478131949592291,0.5295565092989986,0.5194805194805194,0.4235294117647059,0.18518518518518517
0.49147516679021497,0.4760515021459226,0.7662337662337662,0.4588235294117647,0.0
0.3951074870274277,0.3601144492131616,0.5324675324675325,0.4588235294117647,0.24074074074074076
0.5196441808747221,0.4993419170243205,0.23376623376623362,0.7411764705882353,0.037037037037037035
0.6219421793921424,0.625178826895565,0.805194805194805,0.5176470588235293,0.3888888888888889
0.776130467012602,0.8062374821173105,0.4415584415584415,0.7647058823529411,0.46296296296296297
0.2535211267605634,0.1999427753934192,0.5194805194805194,0.4941176470588235,0.14814814814814814
0.40696812453669384,0.37499284692417734,0.5844155844155845,0.5764705882352941,0.0
0.6782802075611565,0.6888698140200286,0.4025974025974026,0.5647058823529412,0.05555555555555555
0.31356560415122314,0.26975679542203146,0.6363636363636365,0.4235294117647059,0.2037037037037037
0.42253521126760574,0.36206008583690985,0.36363636363636354,0.36470588235294116,0.3148148148148148
0.5618977020014826,0.5473533619456367,0.46753246753246747,0.411764705882353,0.4074074074074074
0.6745737583395108,0.6847496423462088,0.4155844155844155,0.23529411764705882,0.0
0.6456634544106746,0.6515021459227469,0.5064935064935063,0.37647058823529417,0.037037037037037035
0.34914751667902155,0.3064377682403433,0.5844155844155845,0.7647058823529411,0.0
0.24314306893995555,0.19044349070100142,0.3896103896103895,0.5764705882352941,0.27777777777777773
0.5344699777613048,0.5154792560801144,0.46753246753246747,0.6352941176470588,0.5555555555555556
0.5678280207561156,0.5540486409155937,0.46753246753246747,0.25882352941176473,0.25925925925925924
0.6738324684951817,0.6841773962804004,0.5714285714285714,0.4705882352941177,0.09259259259259259
0.3825055596738325,0.3474678111587982,0.4545454545454546,0.6705882352941175,0.0
0.507783543365456,0.49539341917024327,0.46753246753246747,0.4823529411764706,0.14814814814814814
0.7805782060785769,0.812074391988555,0.2857142857142856,0.588235294117647,0.16666666666666666
0.24833209785025948,0.19616595135908443,0.3246753246753247,0.4235294117647059,0.2222222222222222
0.4180874722016309,0.3859799713876967,0.5714285714285714,0.588235294117647,0.0
0.5618977020014826,0.5473533619456367,0.5064935064935063,0.34117647058823525,0.4259259259259259
0.5604151223128243,0.5456366237482119,0.5064935064935063,0.7058823529411764,0.1111111111111111
0.5722757598220904,0.5598283261802576,0.5584415584415583,0.2,0.49999999999999994
0.27724240177909565,0.22741058655221746,0.6883116883116884,0.5764705882352941,0.018518518518518517
0.5804299481097109,0.5710443490701002,0.6623376623376622,0.32941176470588235,0.24074074074074076
0.6352853965900668,0.6404005722460656,0.35064935064935066,0.2117647058823529,0.4444444444444444
0.5485544848035582,0.5315593705293277,0.5974025974025972,0.5176470588235293,0.14814814814814814
0.7012601927353597,0.7143919885550786,0.49350649350649345,0.37647058823529417,0.16666666666666666
0.4981467753891772,0.4834334763948498,0.4155844155844155,0.7882352941176469,0.0
0.34099332839140106,0.29859799713876967,0.5844155844155845,0.5764705882352941,0.14814814814814814
0.3380281690140845,0.29562231759656643,0.7402597402597404,0.5764705882352941,0.0
0.563380281690141,0.5482689556509298,0.4155844155844155,0.5058823529411764,0.3333333333333333
0.7116382505559675,0.7282403433476395,0.6883116883116884,0.27058823529411763,0.3148148148148148
0.5959970348406227,0.5914735336194564,0.3896103896103895,0.5764705882352941,0.4074074074074074
0.6434395848776873,0.6488698140200285,0.6623376623376622,0.6235294117647059,0.14814814814814814
0.6338028169014085,0.6383404864091559,0.7792207792207793,0.588235294117647,0.09259259259259259
0.5203854707190513,0.4999141630901287,0.5064935064935063,0.39999999999999997,0.0
0.28465530022238694,0.23319027181688123,0.5974025974025972,0.6588235294117646,0.037037037037037035
0.3261675315048185,0.28211731044349064,0.49350649350649345,0.6235294117647059,0.2222222222222222
0.6056338028169016,0.6037768240343347,0.4415584415584415,0.6470588235294117,0.14814814814814814
0.6679021497405487,0.6779971387696709,0.4285714285714286,0.4588235294117647,0.12962962962962962
0.5663454410674574,0.5539914163090128,0.6233766233766234,0.7882352941176469,0.0
0.5833951074870275,0.5756795422031474,0.2597402597402596,0.37647058823529417,0.0
0.6523350630096368,0.6615736766809729,0.49350649350649345,0.4235294117647059,0.27777777777777773
0.4544106745737584,0.431587982832618,0.5714285714285714,0.8352941176470587,0.3888888888888889
0.31208302446256486,0.26849785407725324,0.7012987012987011,0.4470588235294118,0.0
0.2453669384729429,0.1929041487839771,0.7012987012987011,0.411764705882353,0.0
0.24759080800593034,0.19553648068669527,0.24675324675324672,0.5294117647058822,0.27777777777777773
0.7998517420311342,0.8355937052932761,0.48051948051948057,0.34117647058823525,0.37037037037037035
0.424759080800593,0.39439198855507873,0.5584415584415583,0.6941176470588235,0.0
0.7442550037064494,0.7676108726752503,0.4025974025974026,0.4235294117647059,0.4259259259259259
0.23721275018532248,0.18105865522174536,0.46753246753246747,0.4823529411764706,0.3518518518518518
0.30541141586360265,0.26288984263233184,0.48051948051948057,0.7294117647058822,0.0
0.36397331356560414,0.3257796852646637,0.5454545454545456,0.7058823529411764,0.0
0.49369903632320233,0.4643204577968526,0.4285714285714286,0.35294117647058826,0.24074074074074076
0.4892512972572277,0.4742203147353361,0.46753246753246747,0.6705882352941175,0.018518518518518517
0.5744996293550779,0.5632045779685265,0.33766233766233755,0.4941176470588235,0.574074074074074
0.5352112676056339,0.5161659513590845,0.5714285714285714,0.5058823529411764,0.537037037037037
0.6041512231282432,0.6018311874105865,0.6493506493506491,0.5294117647058822,0.1111111111111111
0.3654558932542624,0.3275536480686695,0.7272727272727273,0.7411764705882353,0.0
0.5922905856189771,0.5822603719599427,0.7272727272727273,0.776470588235294,0.0
0.37657524091919936,0.3400286123032904,0.6753246753246753,0.5058823529411764,0.0
0.2186805040770942,0.16326180257510725,0.6233766233766234,0.4823529411764706,0.46296296296296297
0.4173461823573017,0.3852360515021459,0.46753246753246747,0.7411764705882353,0.0
0.5404002965159378,0.5226895565092989,0.5324675324675325,0.4352941176470589,0.4259259259259259
0.4336545589325427,0.40526466380543635,0.5324675324675325,0.6941176470588235,0.037037037037037035
0.44477390659747973,0.39433476394849776,0.48051948051948057,0.4705882352941177,0.16666666666666666
0.4595997034840623,0.43771101573676674,0.7402597402597404,0.588235294117647,0.0
0.4899925871015568,0.47433476394849783,0.5714285714285714,0.5647058823529412,0.3333333333333333
0.4106745737583396,0.3789413447782546,0.46753246753246747,0.6235294117647059,0.3333333333333333
0.6486286137879913,0.6567095851216024,0.31168831168831157,0.39999999999999997,0.12962962962962962
0.5789473684210527,0.5697854077253218,0.11688311688311681,0.5529411764705883,0.4074074074074074
0.44848035581912526,0.42363376251788265,0.4415584415584415,0.4588235294117647,0.14814814814814814
0.2861378799110452,0.23456366237482118,0.6233766233766234,0.4235294117647059,0.05555555555555555
0.6219421793921424,0.625178826895565,0.5324675324675325,0.1647058823529412,0.3148148148148148
0.6990363232023723,0.7110157367668096,0.4415584415584415,0.5294117647058822,0.16666666666666666
0.41957005189028906,0.3881545064377683,0.4285714285714286,0.5647058823529412,0.037037037037037035
0.6968124536693848,0.709241773962804,0.22077922077922074,0.5411764705882354,0.24074074074074076
0.5500370644922166,0.5332188841201716,0.4415584415584415,0.4823529411764706,0.0
0.5426241660489252,0.5309871244635193,0.6233766233766234,0.7058823529411764,0.46296296296296297
0.6123054114158637,0.6123032904148783,0.5324675324675325,0.411764705882353,0.18518518518518517
0.5774647887323945,0.5658941344778256,0.5844155844155845,0.411764705882353,0.0
0.7264640474425501,0.7462660944206007,0.5844155844155845,0.4235294117647059,0.2962962962962963
0.3313565604151223,0.2870958512160229,0.7922077922077924,0.5764705882352941,0.0
0.5470719051149,0.5293276108726751,0.37662337662337664,0.6823529411764706,0.14814814814814814
0.49147516679021497,0.4758226037195994,0.3896103896103895,0.7411764705882353,0.14814814814814814
0.4877687175685693,0.4567668097281832,0.5064935064935063,0.4588235294117647,0.0
0.6790214974054856,0.6903004291845493,0.35064935064935066,0.4470588235294118,0.2037037037037037
0.4840622683469237,0.46741058655221746,0.5714285714285714,0.6588235294117646,0.0
0.6241660489251298,0.6276967095851215,0.753246753246753,0.6705882352941175,0.6111111111111112
0.41957005189028906,0.3881545064377683,0.4545454545454546,0.7529411764705882,0.2222222222222222
0.8317272053372871,0.8773676680972818,0.5714285714285714,0.6705882352941175,0.3888888888888889
0.4099332839140104,0.3780829756795422,0.5324675324675325,0.6470588235294117,0.0
0.6375092661230543,0.6435479256080113,0.3896103896103895,0.5411764705882354,0.16666666666666666
0.4877687175685693,0.4720457796852646,0.46753246753246747,0.411764705882353,0.1111111111111111
0.8813936249073389,0.9286981402002862,0.5194805194805194,0.32941176470588235,0.12962962962962962
0.536693847294292,0.5194849785407724,0.4545454545454546,0.4705882352941177,0.2962962962962963
0.3039288361749444,0.26071530758226025,0.5454545454545456,0.8235294117647058,0.037037037037037035
0.5856189770200149,0.5793419170243205,0.4155844155844155,0.611764705882353,0.3518518518518518
0.43513713862120096,0.4076680972818312,0.7402597402597404,0.6588235294117646,0.07407407407407407
0.6160118606375093,0.6174535050071531,0.6883116883116884,0.4705882352941177,0.5185185185185186
0.3758339510748703,0.33905579399141617,0.48051948051948057,0.5176470588235293,0.0
0.390659747961453,0.35633762517882683,0.46753246753246747,0.4352941176470589,0.037037037037037035
0.5559673832468497,0.5459799713876966,0.5714285714285714,0.36470588235294116,0.0
0.5848776871756858,0.5780829756795421,0.4545454545454546,0.5176470588235293,0.05555555555555555
0.2579688658265382,0.20383404864091548,0.7142857142857142,0.4352941176470589,0.0
0.29206819866567835,0.24698140200286112,0.46753246753246747,0.8705882352941177,0.09259259259259259
0.5137138621200891,0.5023748211731045,0.6493506493506491,0.6705882352941175,0.0
0.4381022979985174,0.41155937052932756,0.6623376623376622,0.6352941176470588,0.12962962962962962
0.4892512972572277,0.47341917024320457,0.33766233766233755,0.4470588235294118,0.1111111111111111
0.6538176426982951,0.6636909871244635,0.16883116883116878,0.5058823529411764,0.09259259259259259
0.619718309859155,0.6085264663805435,0.7142857142857142,0.588235294117647,0.0
0.6627131208302447,0.671931330472103,0.37662337662337664,0.7882352941176469,0.12962962962962962
0.4336545589325427,0.379799713876967,0.5454545454545456,0.4823529411764706,0.18518518518518517
0.4180874722016309,0.3859799713876967,0.5974025974025972,0.776470588235294,0.0
0.3951074870274277,0.3601144492131616,0.3896103896103895,0.776470588235294,0.05555555555555555
0.6338028169014085,0.6389699570815449,0.2727272727272727,0.4470588235294118,0.18518518518518517
0.6026686434395849,0.6005150214592273,0.46753246753246747,0.5529411764705883,0.1111111111111111
0.480355819125278,0.4614592274678112,0.6233766233766234,0.588235294117647,0.1111111111111111
0.613787991104522,0.6155078683834049,0.4285714285714286,0.1764705882352941,0.07407407407407407
0.46478873239436624,0.44303290414878393,0.6233766233766234,0.6352941176470588,0.0
0.6493699036323204,0.6581402002861231,0.48051948051948057,0.588235294117647,0.3148148148148148
0.49369903632320233,0.47845493562231756,0.5194805194805194,0.6000000000000001,0.0
0.34247590808005934,0.30031473533619457,0.5324675324675325,0.6823529411764706,0.05555555555555555
0.6501111934766495,0.6582546494992846,0.49350649350649345,0.4823529411764706,0.18518518518518517
0.6204595997034842,0.6232904148783976,0.37662337662337664,0.28235294117647064,0.2037037037037037
0.4262416604892514,0.39622317596566525,0.4545454545454546,0.6941176470588235,0.0
0.5908080059303188,0.5857510729613734,0.4415584415584415,0.39999999999999997,0.0
0.6612305411415865,0.670214592274678,0.49350649350649345,0.4235294117647059,0.24074074074074076
0.5737583395107487,0.56137339055794,0.4155844155844155,0.6235294117647059,0.0
0.4974054855448481,0.4832618025751073,0.5064935064935063,0.611764705882353,0.2037037037037037
0.34247590808005934,0.3002575107296136,0.5584415584415583,0.611764705882353,0.05555555555555555
0.6464047442550038,0.6532761087267523,0.4285714285714286,0.6000000000000001,0.018518518518518517
0.42846553002223875,0.39908440629470665,0.36363636363636354,0.7058823529411764,0.0
0.469236471460341,0.4310729613733906,0.6363636363636365,0.4941176470588235,0.0
0.5730170496664196,0.5604577968526466,0.5974025974025972,0.34117647058823525,0.0
0.4877687175685693,0.47113018597997136,0.2987012987012987,0.38823529411764707,0.27777777777777773
0.4099332839140104,0.37785407725321885,0.49350649350649345,0.7058823529411764,0.0
0.5122312824314307,0.49064377682403426,0.5584415584415583,0.5764705882352941,0.37037037037037035
0.5374351371386213,0.5199427753934193,0.33766233766233755,0.5294117647058822,0.48148148148148145
0.3098591549295775,0.2662660944206008,0.8181818181818181,0.5529411764705883,0.12962962962962962
0.30763528539659013,0.26483547925608,0.48051948051948057,0.6235294117647059,0.0
0.45811712379540415,0.4360515021459228,0.753246753246753,0.4705882352941177,0.3333333333333333
0.2283172720533729,0.172074391988555,0.5324675324675325,0.8,0.0
0.5967383246849519,0.5935336194563662,0.33766233766233755,0.5411764705882354,0.0
0.3602668643439585,0.32011444921316157,0.10389610389610393,0.8705882352941177,0.0
0.34099332839140106,0.2989985693848354,0.4415584415584415,0.6823529411764706,0.0
0.7205337286879171,0.7387696709585122,0.3896103896103895,0.5176470588235293,0.2222222222222222
0.563380281690141,0.5480972818311872,0.5714285714285714,0.4705882352941177,0.05555555555555555
0.3691623424759082,0.3312732474964235,0.7142857142857142,0.6352941176470588,0.0
0.37805782060785775,0.3415736766809727,0.6883116883116884,0.4470588235294118,0.0
0.5811712379540401,0.5698998569384836,0.5064935064935063,0.5294117647058822,0.0
0.3387694588584137,0.29659513590844067,0.5194805194805194,0.7882352941176469,0.07407407407407407
0.7123795404002966,0.728698140200286,0.37662337662337664,0.4941176470588235,0.2037037037037037
0.4403261675315049,0.4137911301859799,0.6883116883116884,0.5058823529411764,0.07407407407407407
0.38547071905114905,0.3509585121602289,0.37662337662337664,0.7058823529411764,0.14814814814814814
0.6634544106745739,0.6727896995708155,0.49350649350649345,0.30588235294117644,0.09259259259259259
0.6174944403261675,0.6189985693848356,0.5324675324675325,0.6470588235294117,0.4074074074074074
0.3595255744996294,0.31874105865522173,0.5324675324675325,0.5058823529411764,0.07407407407407407
0.41586360266864353,0.38317596566523604,0.5324675324675325,0.588235294117647,0.0
0.34173461823573026,0.2995708154506438,0.35064935064935066,0.4705882352941177,0.14814814814814814
0.3083765752409192,0.2651216022889843,0.49350649350649345,0.37647058823529417,0.09259259259259259
0.5344699777613048,0.524062947067239,0.5714285714285714,0.6000000000000001,0.07407407407407407
0.5352112676056339,0.5245779685264663,0.2857142857142856,0.6588235294117646,0.2222222222222222
0.7272053372868792,0.7473533619456366,0.20779220779220764,0.39999999999999997,0.3148148148148148
0.4240177909562639,0.3931330472103004,0.5844155844155845,0.4941176470588235,0.0
0.3899184581171239,0.35513590844062937,0.4155844155844155,0.32941176470588235,0.4444444444444444
0.6649369903632321,0.6757653791130186,0.6103896103896103,0.5647058823529412,0.2962962962962963
0.6263899184581172,0.6298712446351932,0.6753246753246753,0.4705882352941177,0.49999999999999994
0.6174944403261675,0.6196280400572246,0.7922077922077924,0.4823529411764706,0.3148148148148148
0.5552260934025204,0.5454077253218884,0.7662337662337662,0.7176470588235293,0.0
0.5774647887323945,0.5659513590844062,0.48051948051948057,0.4352941176470589,0.574074074074074
0.480355819125278,0.4472103004291845,0.2597402597402596,0.31764705882352945,0.2222222222222222
0.29948109710896964,0.255793991416309,0.5584415584415583,0.7058823529411764,0.25925925925925924
0.5537435137138622,0.5380257510729612,0.6233766233766234,0.4235294117647059,0.037037037037037035
0.41882876204596,0.3867811158798282,0.5844155844155845,0.7058823529411764,0.0
0.747961452928095,0.7701287553648067,0.36363636363636354,0.5647058823529412,0.3888888888888889
0.18680504077094148,0.1281831187410586,0.4025974025974026,0.4823529411764706,0.0
0.5048183839881394,0.49241773962804003,0.5714285714285714,0.5294117647058822,0.25925925925925924
0.4885100074128985,0.4571673819742489,0.5324675324675325,0.4941176470588235,0.2962962962962963
0.4336545589325427,0.4050929899856939,0.4545454545454546,0.5411764705882354,0.018518518518518517
0.41363973313565605,0.3811158798283262,0.7012987012987011,0.6235294117647059,0.24074074074074076
0.597479614529281,0.5937625178826896,0.4155844155844155,0.5411764705882354,0.25925925925925924
0.6375092661230543,0.6436051502145922,0.4415584415584415,0.4470588235294118,0.574074074074074
0.3328391401037806,0.2896709585121602,0.4545454545454546,0.6705882352941175,0.18518518518518517
0.41957005189028906,0.38832618025751076,0.6753246753246753,0.5647058823529412,0.0
0.5300222386953299,0.5097567954220316,0.6363636363636365,0.5176470588235293,0.3333333333333333
0.4810971089696071,0.46357653791130193,0.5194805194805194,0.7176470588235293,0.0
0.3106004447739067,0.2673533619456365,0.4415584415584415,0.6352941176470588,0.037037037037037035
0.5878428465530023,0.5821459227467812,0.46753246753246747,0.5764705882352941,0.16666666666666666
0.5144551519644182,0.5039198855507868,0.5714285714285714,0.611764705882353,0.14814814814814814
0.507783543365456,0.48520743919885556,0.7012987012987011,0.37647058823529417,0.0
0.7976278724981469,0.8322746781115878,0.49350649350649345,0.32941176470588235,0.3518518518518518
0.6167531504818384,0.6184263233190271,0.4415584415584415,0.4470588235294118,0.3518518518518518
0.3802816901408451,0.34437768240343347,0.7272727272727273,0.35294117647058826,0.3333333333333333
0.48628613787991104,0.46969957081545066,0.5324675324675325,0.6588235294117646,0.2037037037037037
0.41957005189028906,0.38792560801144493,0.36363636363636354,0.37647058823529417,0.3148148148148148
0.7746478873239437,0.8055507868383404,0.4415584415584415,0.4823529411764706,0.4259259259259259
0.6026686434395849,0.6006866952789699,0.6103896103896103,0.2117647058823529,0.4074074074074074
0.8124536693847295,0.8539055793991416,0.3246753246753247,0.4588235294117647,0.49999999999999994
0.3669384729429207,0.329442060085837,0.4155844155844155,0.6352941176470588,0.27777777777777773
0.41512231282431433,0.38243204577968526,0.4415584415584415,0.36470588235294116,0.1111111111111111
0.5011119347664938,0.4762804005722461,0.4025974025974026,0.34117647058823525,0.07407407407407407
0.6567828020756117,0.6663233190271817,0.23376623376623362,0.6705882352941175,0.0
0.49962935507783546,0.4861230329041488,0.4025974025974026,0.7058823529411764,0.0
0.5270570793180134,0.5150214592274677,0.7012987012987011,0.4352941176470589,0.018518518518518517
0.3832468495181617,0.3480400572246066,0.6233766233766234,0.5764705882352941,0.018518518518518517
0.6449221645663455,0.6510443490701,0.6363636363636365,0.4823529411764706,0.0
0.5255744996293552,0.5055221745350501,0.4285714285714286,0.4705882352941177,0.37037037037037035
0.6278724981467755,0.6315307582260371,0.16883116883116878,0.4588235294117647,0.2962962962962963
0.5144551519644182,0.5039198855507868,0.6493506493506491,0.7058823529411764,0.037037037037037035
0.45144551519644194,0.4280400572246066,0.48051948051948057,0.5176470588235293,0.18518518518518517
0.8413639733135658,0.8845207439198856,0.4025974025974026,0.4470588235294118,0.49999999999999994
0.49962935507783546,0.4865808297567953,0.5844155844155845,0.5529411764705883,0.0
0.4603409933283914,0.4211731044349071,0.20779220779220764,0.5176470588235293,0.3148148148148148
0.4618235730170497,0.440343347639485,0.3896103896103895,0.7058823529411764,0.0
0.6019273535952558,0.5994277539341916,0.49350649350649345,0.5294117647058822,0.4074074074074074
0.6389918458117124,0.6444062947067238,0.49350649350649345,0.4235294117647059,0.7037037037037037
0.47887323943661975,0.46025751072961363,0.5454545454545456,0.5647058823529412,0.05555555555555555
0.7857672349888809,0.8195708154506437,0.5454545454545456,0.5294117647058822,0.2037037037037037
0.44922164566345446,0.4250071530758226,0.5194805194805194,0.5411764705882354,0.2037037037037037
0.6834692364714604,0.6939628040057225,0.48051948051948057,0.35294117647058826,0.14814814814814814
0.446256486286138,0.42134477825464933,0.4285714285714286,0.39999999999999997,0.0
0.6619718309859156,0.6713590844062948,0.4155844155844155,0.7882352941176469,0.18518518518518517
0.6056338028169016,0.6043490701001429,0.4155844155844155,0.5058823529411764,0.3518518518518518
0.42105263157894746,0.3904434907010015,0.5844155844155845,0.8235294117647058,0.0
0.4180874722016309,0.3858082975679542,0.6883116883116884,0.5529411764705883,0.0
0.4959229058561898,0.4819456366237481,0.46753246753246747,0.6235294117647059,0.05555555555555555
0.24017790956263904,0.18683834048640913,0.48051948051948057,0.6352941176470588,0.2222222222222222
0.5226093402520386,0.511931330472103,0.5324675324675325,0.8235294117647058,0.1111111111111111
0.5730170496664196,0.5609155937052933,0.2597402597402596,0.2117647058823529,0.09259259259259259
0.6723498888065234,0.6829756795422032,0.6233766233766234,0.6352941176470588,0.18518518518518517
0.33432171979243885,0.2921888412017166,0.7792207792207793,0.4235294117647059,0.037037037037037035
0.4306893995552261,0.40165951359084395,0.5844155844155845,0.5764705882352941,0.0
0.8013343217197926,0.8387982832618025,0.49350649350649345,0.35294117647058826,0.1111111111111111
0.4114158636026687,0.379513590844063,0.6363636363636365,0.31764705882352945,0.0
0.5196441808747221,0.499513590844063,0.6363636363636365,0.6588235294117646,0.2037037037037037
0.6553002223869534,0.6647782546494992,0.35064935064935066,0.28235294117647064,0.18518518518518517
0.4544106745737584,0.4313018597997138,0.5974025974025972,0.6352941176470588,0.3518518518518518
0.6426982950333582,0.6484692417739629,0.4155844155844155,0.39999999999999997,0.3518518518518518
0.4736842105263158,0.43954220314735326,0.2987012987012987,0.6941176470588235,0.18518518518518517
0.2209043736100816,0.1647496423462088,0.37662337662337664,0.6000000000000001,0.2222222222222222
0.6530763528539659,0.6626609442060086,0.36363636363636354,0.5058823529411764,0.537037037037037
0.2601927353595256,0.2065236051502145,0.3896103896103895,0.4941176470588235,0.0
0.33432171979243885,0.29213161659513587,0.48051948051948057,0.5058823529411764,0.0
0.5203854707190513,0.4996280400572245,0.46753246753246747,0.5176470588235293,0.25925925925925924
0.7286879169755375,0.749585121602289,0.4155844155844155,0.4705882352941177,0.27777777777777773
0.4255003706449222,0.395307582260372,0.4415584415584415,0.4588235294117647,0.4259259259259259
0.680504077094144,0.6916165951359085,0.31168831168831157,0.5764705882352941,0.24074074074074076
0.3380281690140845,0.29562231759656643,0.6753246753246753,0.6823529411764706,0.0
0.32839140103780573,0.28383404864091566,0.5844155844155845,0.6941176470588235,0.27777777777777773
0.5485544848035582,0.5319027181688126,0.31168831168831157,0.4352941176470589,0.14814814814814814
0.6212008895478133,0.6244921316165951,0.5584415584415583,0.4352941176470589,0.3148148148148148
0.7872498146775391,0.8219742489270386,0.7662337662337662,0.2,0.24074074074074076
0.496664195700519,0.4700429184549356,0.5454545454545456,0.4588235294117647,0.05555555555555555
0.7390659747961453,0.7604005722460657,0.5324675324675325,0.36470588235294116,0.5925925925925926
0.3580429948109711,0.31673819742489273,0.49350649350649345,0.38823529411764707,0.12962962962962962
0.4232765011119348,0.36406294706723885,0.48051948051948057,0.37647058823529417,0.07407407407407407
0.3587842846553002,0.3178826895565092,0.5454545454545456,0.6352941176470588,0.0
0.4699777613046703,0.4495565092989985,0.48051948051948057,0.35294117647058826,0.018518518518518517
0.5470719051149,0.5291559370529327,0.3246753246753247,0.36470588235294116,0.0
0.18680504077094148,0.12938483547925606,0.16883116883116878,0.6588235294117646,0.037037037037037035
0.4840622683469237,0.4667238912732474,0.6623376623376622,0.6941176470588235,0.0
0.452186805040771,0.4287267525035765,0.6233766233766234,0.6705882352941175,0.09259259259259259
0.2942920681986657,0.24967095851216015,0.6103896103896103,0.4470588235294118,0.09259259259259259
0.6523350630096368,0.6618597997138768,0.4025974025974026,0.411764705882353,0.48148148148148145
0.5848776871756858,0.578140200286123,0.5064935064935063,0.36470588235294116,0.5185185185185186
0.35730170496664204,0.3160515021459228,0.46753246753246747,0.6588235294117646,0.0
0.5789473684210527,0.5692131616595134,0.5454545454545456,0.5529411764705883,0.4259259259259259
0.7286879169755375,0.7496995708154507,0.6493506493506491,0.5294117647058822,0.2037037037037037
0.6923647146034101,0.7047210300429184,0.6233766233766234,0.27058823529411763,0.1111111111111111
0.3795404002965159,0.3432904148783976,0.5064935064935063,0.6470588235294117,0.0
0.5389177168272795,0.5212017167381974,0.49350649350649345,0.4352941176470589,0.24074074074074076
0.6441808747220165,0.649728183118741,0.4025974025974026,0.411764705882353,0.0
0.4166048925129726,0.384206008583691,0.8311688311688312,0.6235294117647059,0.037037037037037035
0.7842846553002225,0.8169384835479255,0.5194805194805194,0.27058823529411763,0.2962962962962963
0.3876945885841364,0.3526752503576537,0.6753246753246753,0.588235294117647,0.0
0.6486286137879913,0.6568240343347639,0.37662337662337664,0.24705882352941183,0.0
0.20014825796886584,0.1440915593705293,0.6363636363636365,0.7411764705882353,0.0
0.5144551519644182,0.5043204577968526,0.5584415584415583,0.4470588235294118,0.0
0.664195700518903,0.6742203147353362,0.5714285714285714,0.411764705882353,0.12962962962962962
0.3024462564862862,0.2593419170243205,0.6623376623376622,0.6470588235294117,0.0
0.5559673832468497,0.5406008583690985,0.7142857142857142,0.5176470588235293,0.3333333333333333
0.6352853965900668,0.6401716738197424,0.5324675324675325,0.35294117647058826,0.5555555555555556
0.44996293550778355,0.4261516452074391,0.36363636363636354,0.6352941176470588,0.0
0.5203854707190513,0.49997138769670957,0.49350649350649345,0.31764705882352945,0.3518518518518518
0.5315048183839882,0.5198283261802575,0.5194805194805194,0.588235294117647,0.0
0.5626389918458118,0.5506723891273247,0.46753246753246747,0.6235294117647059,0.0
0.5952557449962936,0.5911874105865521,0.5064935064935063,0.28235294117647064,0.2962962962962963
0.5752409191994071,0.5638912732474964,0.5714285714285714,0.4588235294117647,0.07407407407407407
0.42179392142327654,0.39130185979971377,0.6233766233766234,0.5411764705882354,0.0
0.5959970348406227,0.5919885550786838,0.36363636363636354,0.5647058823529412,0.3888888888888889
0.4173461823573017,0.3853505007153075,0.6363636363636365,0.5176470588235293,0.16666666666666666
0.6834692364714604,0.6943633762517881,0.7142857142857142,0.38823529411764707,0.07407407407407407
0.7042253521126762,0.7177110157367669,0.6493506493506491,0.4588235294117647,0.574074074074074
0.3365455893254262,0.29373390557939916,0.33766233766233755,0.8,0.0
0.6004447739065976,0.597310443490701,0.6883116883116884,0.4470588235294118,0.14814814814814814
0.6278724981467755,0.631587982832618,0.5454545454545456,0.6470588235294117,0.14814814814814814
0.45589325426241656,0.4329041487839771,0.7142857142857142,0.8470588235294116,0.037037037037037035
0.6056338028169016,0.6038340486409156,0.24675324675324672,0.5529411764705883,0.2222222222222222
0.5915492957746479,0.5861516452074392,0.4545454545454546,0.4470588235294118,0.16666666666666666
0.5559673832468497,0.5406580829756796,0.6493506493506491,0.5411764705882354,0.3518518518518518
0.5804299481097109,0.5685836909871244,0.7012987012987011,0.7294117647058822,0.12962962962962962
0.5767234988880653,0.5648068669527898,0.37662337662337664,0.35294117647058826,0.5185185185185186
0.4766493699036324,0.4581402002861229,0.36363636363636354,0.7058823529411764,0.05555555555555555
0.8502594514455153,0.8928755364806865,0.36363636363636354,0.5058823529411764,0.3333333333333333
0.5604151223128243,0.549241773962804,0.6753246753246753,0.6235294117647059,0.07407407407407407
0.3884358784284655,0.3534191702432046,0.7272727272727273,0.5647058823529412,0.0
0.48628613787991104,0.454420600858369,0.5194805194805194,0.25882352941176473,0.1111111111111111
0.48628613787991104,0.4687267525035764,0.5584415584415583,0.38823529411764707,0.0
0.4759080800593033,0.4558512160228897,0.4415584415584415,0.6000000000000001,0.0
0.6056338028169016,0.6037768240343347,0.5064935064935063,0.5764705882352941,0.5925925925925926
0.6145292809488511,0.6163090128755365,0.5194805194805194,0.8352941176470587,0.2222222222222222
0.3617494440326168,0.3218311874105865,0.6623376623376622,0.6941176470588235,0.12962962962962962
0.4699777613046703,0.43210300429184556,0.2857142857142856,0.35294117647058826,0.4074074074074074
0.5107487027427725,0.4987696709585121,0.5194805194805194,0.5529411764705883,0.0
0.5618977020014826,0.547525035765379,0.46753246753246747,0.4235294117647059,0.2222222222222222
0.6545589325426242,0.6640915593705293,0.4545454545454546,0.24705882352941183,0.48148148148148145
0.664195700518903,0.6748497854077252,0.46753246753246747,0.5411764705882354,0.0
0.6441808747220165,0.6504721030042918,0.6753246753246753,0.5058823529411764,0.46296296296296297
0.7057079318013344,0.7213161659513591,0.33766233766233755,0.37647058823529417,0.14814814814814814
0.42994810971089703,0.4006294706723892,0.33766233766233755,0.5176470588235293,0.0
0.6234247590808006,0.6272961373390556,0.7142857142857142,0.30588235294117644,0.16666666666666666
0.4232765011119348,0.39233190271816876,0.16883116883116878,0.4588235294117647,0.05555555555555555
0.4892512972572277,0.4585979971387697,0.6623376623376622,0.5411764705882354,0.05555555555555555
0.37879911045218684,0.34271816881258943,0.5064935064935063,0.6470588235294117,0.18518518518518517
0.27057079318013355,0.21854077253218884,0.46753246753246747,0.6000000000000001,0.18518518518518517
0.6486286137879913,0.6563090128755363,0.4155844155844155,0.4235294117647059,0.018518518518518517
0.536693847294292,0.5199427753934193,0.4415584415584415,0.38823529411764707,0.05555555555555555
0.6619718309859156,0.6709585121602287,0.6103896103896103,0.36470588235294116,0.05555555555555555
0.4744255003706449,0.4545922746781115,0.6233766233766234,0.7058823529411764,0.2962962962962963
0.4892512972572277,0.47313304721030036,0.5844155844155845,0.6000000000000001,0.07407407407407407
0.960711638250556,0.9921602288984263,0.35064935064935066,0.4823529411764706,0.16666666666666666
0.5122312824314307,0.49064377682403426,0.5194805194805194,0.39999999999999997,0.4074074074074074
0.613787991104522,0.6148783977110158,0.4155844155844155,0.5176470588235293,0.0
0.40029651593773163,0.36635193133047206,0.46753246753246747,0.4941176470588235,0.0
0.3261675315048185,0.2820028612303289,0.5454545454545456,0.7294117647058822,0.0
0.5055596738324685,0.49379113018598,0.4155844155844155,0.5294117647058822,0.0
0.5759822090437362,0.5641773962804005,0.48051948051948057,0.38823529411764707,0.18518518518518517
0.6575240919199408,0.666838340486409,0.2987012987012987,0.35294117647058826,0.0
0.6056338028169016,0.5970243204577969,0.5064935064935063,0.6470588235294117,0.0
0.5759822090437362,0.5644635193133046,0.4415584415584415,0.5529411764705883,0.25925925925925924
0.6856931060044479,0.6967668097281831,0.2857142857142856,0.6000000000000001,0.37037037037037035
0.6330615270570794,0.6374821173104434,0.3896103896103895,0.4470588235294118,0.07407407407407407
0.40548554484803556,0.3729327610872675,0.5844155844155845,0.6941176470588235,0.2962962962962963
0.5871015567086733,0.5763090128755365,0.6883116883116884,0.611764705882353,0.07407407407407407
0.23869532987398076,0.1864377682403433,0.5844155844155845,0.4235294117647059,0.0
0.5003706449221647,0.47547925608011443,0.37662337662337664,0.39999999999999997,0.3333333333333333
0.630096367679763,0.6348497854077252,0.46753246753246747,0.36470588235294116,0.4444444444444444
0.6004447739065976,0.5925608011444922,0.4155844155844155,0.7058823529411764,0.2222222222222222
0.5507783543365457,0.5393419170243204,0.35064935064935066,0.7647058823529411,0.1111111111111111
0.4469977761304671,0.4219742489270386,0.36363636363636354,0.588235294117647,0.18518518518518517
0.45663454410674575,0.4343347639484978,0.49350649350649345,0.8352941176470587,0.0
0.6375092661230543,0.6431473533619457,0.2857142857142856,0.588235294117647,0.0
0.3580429948109711,0.3169098712446351,0.7922077922077924,0.5058823529411764,0.07407407407407407
0.49444032616753164,0.4791416309012876,0.5714285714285714,0.6235294117647059,0.14814814814814814
0.5018532246108229,0.4786838340486409,0.06493506493506485,0.4352941176470589,0.07407407407407407
0.7487027427724242,0.7707582260371958,0.4025974025974026,0.5529411764705883,0.4074074074074074
0.3899184581171239,0.35513590844062937,0.5714285714285714,0.5529411764705883,0.0
0.4633061527057081,0.4413733905579398,0.5064935064935063,0.4705882352941177,0.2037037037037037
0.24833209785025948,0.19616595135908443,0.3896103896103895,0.6705882352941175,0.14814814814814814
0.3395107487027428,0.2971101573676681,0.6623376623376622,0.7294117647058822,0.05555555555555555
0.4662713120830245,0.44503576537911294,0.2857142857142856,0.6941176470588235,0.0
0.5285396590066717,0.5085550786838341,0.5454545454545456,0.5529411764705883,0.18518518518518517
0.29725722757598216,0.25327610872675255,0.7012987012987011,0.611764705882353,0.0
0.5715344699777614,0.5604577968526466,0.6103896103896103,0.5764705882352941,0.0
0.5574499629355079,0.5428898426323318,0.1558441558441559,0.5176470588235293,0.2037037037037037
0.3936249073387694,0.3586838340486409,0.4285714285714286,0.4235294117647059,0.0
0.4240177909562639,0.3934191702432045,0.46753246753246747,0.4235294117647059,0.0
0.4907338769458859,0.47490701001430613,0.5324675324675325,0.611764705882353,0.2222222222222222
0.659006671608599,0.668211731044349,0.5844155844155845,0.39999999999999997,0.4259259259259259
0.6323202372127503,0.6244349070100143,0.2987012987012987,0.5294117647058822,0.2962962962962963
0.8102297998517423,0.850071530758226,0.4285714285714286,0.4235294117647059,0.09259259259259259
0.35656041512231285,0.31542203147353354,0.6233766233766234,0.611764705882353,0.0
0.3736100815418829,0.3368812589413447,0.4545454545454546,0.6705882352941175,0.0
0.3320978502594515,0.2889270386266094,0.7272727272727273,0.588235294117647,0.07407407407407407
0.6464047442550038,0.6531616595135908,0.4415584415584415,0.29411764705882354,0.1111111111111111
0.563380281690141,0.5479256080114449,0.3246753246753247,0.5058823529411764,0.2222222222222222
0.630096367679763,0.6339914163090129,0.5454545454545456,0.5529411764705883,0.6111111111111112
0.608598962194218,0.6066380543633764,0.49350649350649345,0.7176470588235293,0.46296296296296297
0.1860637509266123,0.12549356223175956,0.6103896103896103,0.6941176470588235,0.0
0.6708673091178652,0.681316165951359,0.3896103896103895,0.411764705882353,0.3518518518518518
0.5967383246849519,0.5927324749642345,0.2597402597402596,0.39999999999999997,0.18518518518518517
0.7872498146775391,0.8216881258941343,0.35064935064935066,0.29411764705882354,0.0
0.49147516679021497,0.46180257510729616,0.4285714285714286,0.5764705882352941,0.27777777777777773
0.6649369903632321,0.6754220314735336,0.6103896103896103,0.5058823529411764,0.3148148148148148
0.4047442550037065,0.37173104434907,0.37662337662337664,0.7176470588235293,0.24074074074074076
0.4951816160118607,0.46683834048640915,0.4545454545454546,0.36470588235294116,0.2222222222222222
0.6048925129725723,0.6029756795422031,0.5454545454545456,0.5176470588235293,0.09259259259259259
0.6078576723498889,0.5981115879828326,0.49350649350649345,0.6000000000000001,0.0
0.3750926612305412,0.3385407725321887,0.5324675324675325,0.588235294117647,0.12962962962962962
0.7524091919940697,0.7764234620886982,0.49350649350649345,0.5529411764705883,0.3333333333333333
0.5796886582653817,0.5703576537911302,0.2597402597402596,0.5058823529411764,0.5555555555555556
0.5492957746478874,0.5328183118741058,0.5194805194805194,0.5529411764705883,0.0
0.374351371386212,0.33751072961373396,0.31168831168831157,0.38823529411764707,0.0
0.5611564121571535,0.546552217453505,0.4155844155844155,0.30588235294117644,0.2222222222222222
0.6182357301704968,0.6196852646638055,0.5194805194805194,0.35294117647058826,0.0
0.36249073387694586,0.32314735336194556,0.6883116883116884,0.38823529411764707,0.0
0.29873980726464056,0.254763948497854,0.5844155844155845,0.588235294117647,0.018518518518518517
0.49369903632320233,0.4639198855507869,0.5974025974025972,0.39999999999999997,0.12962962962962962
0.5663454410674574,0.5523319027181687,0.31168831168831157,0.4470588235294118,0.3333333333333333
0.7464788732394366,0.7689842632331901,0.5064935064935063,0.5529411764705883,0.37037037037037035
0.32171979243884363,0.277310443490701,0.5454545454545456,0.5647058823529412,0.0
0.5871015567086733,0.5758512160228898,0.4415584415584415,0.4941176470588235,0.0
0.8287620459599705,0.8754792560801145,0.33766233766233755,0.4470588235294118,0.1111111111111111
0.6923647146034101,0.7043776824034335,0.5324675324675325,0.38823529411764707,0.6111111111111112
0.8176426982950336,0.8593991416309011,0.4025974025974026,0.5058823529411764,0.0
0.5270570793180134,0.5159942775393419,0.46753246753246747,0.611764705882353,0.0
0.7242401779095627,0.7436337625178827,0.37662337662337664,0.27058823529411763,0.3148148148148148
0.4114158636026687,0.37939914163090127,0.4155844155844155,0.4588235294117647,0.05555555555555555
0.452186805040771,0.4281545064377683,0.5454545454545456,0.5647058823529412,0.12962962962962962
0.8762045959970348,0.9208583690987125,0.2987012987012987,0.38823529411764707,0.0
0.5277983691623426,0.5171387696709585,0.5974025974025972,0.4823529411764706,0.0
0.42846553002223875,0.3991988555078684,0.6233766233766234,0.7176470588235293,0.018518518518518517
0.5114899925871016,0.48921316165951356,0.5584415584415583,0.5647058823529412,0.0
0.6071163825055598,0.6057796852646639,0.4025974025974026,0.611764705882353,0.2037037037037037
0.6790214974054856,0.6899570815450643,0.5584415584415583,0.25882352941176473,0.3333333333333333
0.6990363232023723,0.7117024320457795,0.3896103896103895,0.4823529411764706,0.018518518518518517
0.42920681986656783,0.3998855507868382,0.6363636363636365,0.4235294117647059,0.0
0.3595255744996294,0.3190844062947067,0.5324675324675325,0.4823529411764706,0.09259259259259259
0.374351371386212,0.3372818311874105,0.6233766233766234,0.38823529411764707,0.018518518518518517
0.4773906597479616,0.4440629470672389,0.49350649350649345,0.4705882352941177,0.25925925925925924
0.49147516679021497,0.4758226037195994,0.6623376623376622,0.5529411764705883,0.2962962962962963
0.41363973313565605,0.3811158798283262,0.5974025974025972,0.7294117647058822,0.018518518518518517
0.5374351371386213,0.5200572246065808,0.2987012987012987,0.4823529411764706,0.5185185185185186
0.4988880652335064,0.4851502145922746,0.46753246753246747,0.5764705882352941,0.1111111111111111
0.45070422535211263,0.42649499284692405,0.5844155844155845,0.4588235294117647,0.25925925925925924
0.6456634544106746,0.652761087267525,0.6493506493506491,0.588235294117647,0.24074074074074076
0.40770941438102304,0.3761945636623748,0.6363636363636365,0.7058823529411764,0.0
0.4469977761304671,0.42248927038626605,0.5974025974025972,0.5176470588235293,0.12962962962962962
0.5730170496664196,0.5605150214592275,0.46753246753246747,0.38823529411764707,0.27777777777777773
0.7776130467012603,0.8086409155937052,0.36363636363636354,0.6470588235294117,0.3518518518518518
0.469236471460341,0.4492131616595135,0.5974025974025972,0.5176470588235293,0.05555555555555555
0.7776130467012603,0.8077253218884121,0.4545454545454546,0.38823529411764707,0.4444444444444444
0.38547071905114905,0.3510729613733906,0.5194805194805194,0.8588235294117648,0.05555555555555555
0.5744996293550779,0.5625178826895564,0.6623376623376622,0.4705882352941177,0.07407407407407407
0.3002223869532987,0.2573390557939913,0.49350649350649345,0.5176470588235293,0.14814814814814814
0.7398072646404745,0.7609728183118741,0.5584415584415583,0.4705882352941177,0.6851851851851851
0.6189770200148259,0.6216881258941346,0.3896103896103895,0.25882352941176473,0.05555555555555555
0.5174203113417346,0.49613733905579405,0.33766233766233755,0.4823529411764706,0.18518518518518517
0.8072646404744257,0.8467525035765379,0.31168831168831157,0.4470588235294118,0.574074074074074
0.5544848035581913,0.5388841201716738,0.5324675324675325,0.4823529411764706,0.4074074074074074
0.2824314306893996,0.2322174535050071,0.5844155844155845,0.4352941176470589,0.07407407407407407
0.5404002965159378,0.5277825464949929,0.11688311688311681,0.24705882352941183,0.0
0.22609340252038548,0.16932761087267523,0.7012987012987011,0.4823529411764706,0.0
0.38472942920681996,0.3501001430615164,0.4025974025974026,0.6235294117647059,0.12962962962962962
0.45737583395107495,0.43467811158798275,0.7142857142857142,0.6470588235294117,0.07407407407407407
0.3832468495181617,0.3480972818311874,0.7012987012987011,0.7176470588235293,0.0
0.2942920681986657,0.2500143061516451,0.7142857142857142,0.5294117647058822,0.12962962962962962
0.5833951074870275,0.5723032904148785,0.6493506493506491,0.6941176470588235,0.2037037037037037
0.6938472942920683,0.7060944206008583,0.33766233766233755,0.611764705882353,0.0
0.5537435137138622,0.5375107296137339,0.5844155844155845,0.5529411764705883,0.2962962962962963
0.36323202372127505,0.3245207439198855,0.6753246753246753,0.6588235294117646,0.0
0.30689399555226093,0.2642632331902718,0.5584415584415583,0.4470588235294118,0.0
0.36323202372127505,0.32446351931330475,0.5714285714285714,0.5647058823529412,0.2037037037037037
0.27057079318013355,0.21922746781115876,0.6363636363636365,0.5058823529411764,0.16666666666666666
0.714603409933284,0.7316165951359085,0.5064935064935063,0.38823529411764707,0.0
0.34914751667902155,0.30649499284692405,0.4285714285714286,0.6470588235294117,0.14814814814814814
0.33358042994810977,0.29104434907010013,0.5324675324675325,0.7058823529411764,0.14814814814814814
0.5137138621200891,0.5017453505007152,0.8441558441558443,0.38823529411764707,0.09259259259259259
0.37138621200889554,0.3337339055793992,0.4545454545454546,0.37647058823529417,0.07407407407407407
0.7160859896219423,0.7350500715307583,0.6103896103896103,0.5529411764705883,0.2037037037037037
0.553002223869533,0.5361945636623747,0.5974025974025972,0.4823529411764706,0.18518518518518517
0.38472942920681996,0.34958512160228894,0.5584415584415583,0.611764705882353,0.3333333333333333
0.49221645663454416,0.4768526466380544,0.49350649350649345,0.5176470588235293,0.18518518518518517
0.27724240177909565,0.2270672389127324,0.37662337662337664,0.6823529411764706,0.0
0.5122312824314307,0.4900143061516451,0.49350649350649345,0.6705882352941175,0.4444444444444444
0.3654558932542624,0.3275536480686695,0.7662337662337662,0.4588235294117647,0.5925925925925926
0.5959970348406227,0.5917596566523603,0.35064935064935066,0.4823529411764706,0.14814814814814814
0.31949592290585616,0.27507868383404865,0.5324675324675325,0.5176470588235293,0.0
0.6278724981467755,0.6314735336194565,0.5194805194805194,0.4352941176470589,0.48148148148148145
0.5107487027427725,0.4985979971387695,0.5584415584415583,0.6000000000000001,0.05555555555555555
0.36471460340993334,0.3268097281831187,0.6103896103896103,0.6588235294117646,0.0
0.4255003706449222,0.3954220314735336,0.5324675324675325,0.6470588235294117,0.3148148148148148
0.1252779836916235,0.06718168812589409,0.35064935064935066,0.5058823529411764,0.0
0.7205337286879171,0.739170243204578,0.5844155844155845,0.32941176470588235,0.0
0.3654558932542624,0.32749642346208874,0.49350649350649345,0.7294117647058822,0.0
0.5544848035581913,0.5389985693848355,0.24675324675324672,0.5411764705882354,0.4444444444444444
0.45885841363973323,0.4195135908440629,0.4285714285714286,0.25882352941176473,0.14814814814814814
0.7679762787249816,0.7959370529327611,0.3896103896103895,0.39999999999999997,0.2222222222222222
0.6404744255003707,0.6462374821173104,0.6883116883116884,0.8,0.2037037037037037
0.31356560415122314,0.26975679542203146,0.5454545454545456,0.5647058823529412,0.1111111111111111
0.25500370644922166,0.20017167381974244,0.4025974025974026,0.5529411764705883,0.14814814814814814
0.6560415122312826,0.6648354792560801,0.5064935064935063,0.4588235294117647,0.7037037037037037
0.3254262416604893,0.2814878397711015,0.6103896103896103,0.5294117647058822,0.18518518518518517
0.5070422535211269,0.4841773962804006,0.5974025974025972,0.4235294117647059,0.2037037037037037
0.2683469236471461,0.2141344778254649,0.5844155844155845,0.5294117647058822,0.0
0.3387694588584137,0.2965379113018598,0.5064935064935063,0.5529411764705883,0.05555555555555555
0.7657524091919942,0.7922174535050069,0.5714285714285714,0.4705882352941177,0.3518518518518518
0.38621200889547813,0.35158798283261794,0.4025974025974026,0.6705882352941175,0.0
0.5789473684210527,0.5689270386266095,0.33766233766233755,0.4705882352941177,0.037037037037037035
0.6456634544106746,0.6516738197424891,0.49350649350649345,0.4941176470588235,0.07407407407407407
0.47071905114899937,0.4511015736766809,0.4415584415584415,0.7176470588235293,0.0
0.5329873980726465,0.513247496423462,0.22077922077922074,0.35294117647058826,0.3333333333333333
0.41215715344699777,0.3803719599427753,0.6233766233766234,0.6941176470588235,0.18518518518518517
0.37064492216456635,0.3322460658082975,0.5844155844155845,0.5411764705882354,0.0
0.3165307635285397,0.2730185979971387,0.6883116883116884,0.6470588235294117,0.27777777777777773
0.301704966641957,0.25871244635193125,0.5844155844155845,0.5764705882352941,0.0
0.42105263157894746,0.3891273247496423,0.5194805194805194,0.6352941176470588,0.2222222222222222
0.39140103780578206,0.35719599427753934,0.6623376623376622,0.34117647058823525,0.0
0.7168272794662714,0.7354506437768239,0.48051948051948057,0.4588235294117647,0.27777777777777773
0.35507783543365457,0.31238912732474955,0.46753246753246747,0.5529411764705883,0.0
0.44996293550778355,0.42552217453505004,0.33766233766233755,0.5058823529411764,0.0
0.37879911045218684,0.343175965665236,0.23376623376623362,0.8,0.0
0.7776130467012603,0.8087553648068669,0.5714285714285714,0.4941176470588235,0.3148148148148148
0.5070422535211269,0.4840057224606581,0.3896103896103895,0.4823529411764706,0.3518518518518518
0.42179392142327654,0.36091559370529336,0.5584415584415583,0.4588235294117647,0.6296296296296295
0.6612305411415865,0.670214592274678,0.3896103896103895,0.4470588235294118,0.12962962962962962
0.569310600444774,0.5559370529327611,0.5974025974025972,0.5176470588235293,0.0
0.8028169014084507,0.8408583690987123,0.4025974025974026,0.4470588235294118,0.37037037037037035
0.2601927353595256,0.2061230329041488,0.37662337662337664,0.611764705882353,0.05555555555555555
0.30763528539659013,0.2647782546494992,0.6623376623376622,0.4941176470588235,0.05555555555555555
0.8087472201630839,0.8482975679542203,0.3896103896103895,0.6941176470588235,0.2037037037037037
0.3535952557449964,0.3109012875536481,0.5584415584415583,0.588235294117647,0.0
0.5967383246849519,0.5929041487839771,0.5584415584415583,0.34117647058823525,0.0
0.27724240177909565,0.22712446351931326,0.3246753246753247,0.5529411764705883,0.24074074074074076
0.295774647887324,0.2523032904148783,0.5324675324675325,0.6941176470588235,0.0
0.27798369162342484,0.2279256080114449,0.6103896103896103,0.37647058823529417,0.12962962962962962
0.3817642698295033,0.3458655221745349,0.5714285714285714,0.6000000000000001,0.0
0.29725722757598216,0.25327610872675255,0.2987012987012987,0.6705882352941175,0.0
0.65826538176427,0.6675822603719598,0.5194805194805194,0.4235294117647059,0.27777777777777773
0.41438102297998525,0.3813447782546495,0.6753246753246753,0.611764705882353,0.24074074074074076
0.5752409191994071,0.5632618025751072,0.48051948051948057,0.6470588235294117,0.14814814814814814
0.47071905114899937,0.43341917024320453,0.6753246753246753,0.5647058823529412,0.37037037037037035
0.5885841363973314,0.5831187410586552,0.4545454545454546,0.23529411764705882,0.25925925925925924
0.37138621200889554,0.3341344778254649,0.24675324675324672,0.588235294117647,0.0
0.5611564121571535,0.5463805436337624,0.5584415584415583,0.5058823529411764,0.2222222222222222
0.6931060044477392,0.7051216022889842,0.5194805194805194,0.4352941176470589,0.4259259259259259
0.47294292068198673,0.4384549356223175,0.5324675324675325,0.1294117647058824,0.0
0.6827279466271313,0.6935622317596567,0.5454545454545456,0.36470588235294116,0.48148148148148145
0.5055596738324685,0.4933333333333333,0.6753246753246753,0.6470588235294117,0.16666666666666666
0.6782802075611565,0.689098712446352,0.18181818181818166,0.5176470588235293,0.3333333333333333
0.36249073387694586,0.32303290414878394,0.805194805194805,0.5647058823529412,0.0
0.6063750926612307,0.6053218884120172,0.49350649350649345,0.36470588235294116,0.24074074074074076
0.7375833951074872,0.7594849785407723,0.5064935064935063,0.4588235294117647,0.2222222222222222
0.7197924388435879,0.7381974248927038,0.5844155844155845,0.4470588235294118,0.25925925925925924
0.6997776130467014,0.7121602288984262,0.49350649350649345,0.411764705882353,0.3518518518518518
0.43661971830985913,0.38575107296137323,0.2727272727272727,0.31764705882352945,0.07407407407407407
0.6426982950333582,0.6482975679542203,0.3896103896103895,0.4705882352941177,0.3888888888888889
0.5967383246849519,0.5931902718168812,0.31168831168831157,0.4823529411764706,0.2962962962962963
0.4907338769458859,0.47519313304721034,0.3896103896103895,0.5647058823529412,0.037037037037037035
0.49295774647887325,0.47748211731044343,0.922077922077922,0.5764705882352941,0.14814814814814814
0.8206078576723499,0.862889842632332,0.6623376623376622,0.37647058823529417,0.16666666666666666
0.7175685693106005,0.7366523605150214,0.6233766233766234,0.4705882352941177,0.09259259259259259
0.39807264640474427,0.36234620886981406,0.5974025974025972,0.6823529411764706,0.25925925925925924
0.35730170496664204,0.3160515021459228,0.4285714285714286,0.5176470588235293,0.1111111111111111
0.5833951074870275,0.5767668097281832,0.4285714285714286,0.4235294117647059,0.2962962962962963
0.613787991104522,0.6146494992846924,0.4025974025974026,0.4352941176470589,0.5185185185185186
0.36397331356560414,0.3257796852646637,0.5064935064935063,0.4235294117647059,0.0
0.6819866567828021,0.6931616595135907,0.4155844155844155,0.28235294117647064,0.0
0.6041512231282432,0.601945636623748,0.5844155844155845,0.1529411764705882,0.4444444444444444
0.3876945885841364,0.3526752503576537,0.49350649350649345,0.6588235294117646,0.2222222222222222
0.5100074128984433,0.4985979971387695,0.4545454545454546,0.6235294117647059,0.25925925925925924
0.7175685693106005,0.7357939914163091,0.4545454545454546,0.5058823529411764,0.09259259259259259
0.3891771682727948,0.35444921316165945,0.36363636363636354,0.5529411764705883,0.3518518518518518
0.7042253521126762,0.7175393419170243,0.5064935064935063,0.4588235294117647,0.0
0.5759822090437362,0.564062947067239,0.5844155844155845,0.4588235294117647,0.3148148148148148
0.5819125277983693,0.5733333333333331,0.5714285714285714,0.36470588235294116,0.0
0.49221645663454416,0.47690987124463513,0.36363636363636354,0.6705882352941175,0.2222222222222222
0.5811712379540401,0.5723032904148785,0.5714285714285714,0.37647058823529417,0.2962962962962963
0.4833209785025946,0.4659227467811159,0.6103896103896103,0.4823529411764706,0.07407407407407407
0.12083024462564865,0.05207439198855501,0.35064935064935066,0.8117647058823529,0.0
0.5730170496664196,0.5607439198855507,0.37662337662337664,0.35294117647058826,0.16666666666666666
0.2683469236471461,0.2148783977110157,0.5974025974025972,0.6235294117647059,0.037037037037037035
0.6293550778354337,0.633304721030043,0.33766233766233755,0.4823529411764706,0.0
0.6953298739807265,0.70826895565093,0.49350649350649345,0.35294117647058826,0.2962962962962963
0.38547071905114905,0.3511874105865521,0.5584415584415583,0.7647058823529411,0.24074074074074076
0.3106004447739067,0.26689556509298995,0.7402597402597404,0.4941176470588235,0.2962962962962963
0.6634544106745739,0.6726752503576537,0.35064935064935066,0.36470588235294116,0.1111111111111111
0.8858413639733138,0.9380257510729614,0.5584415584415583,0.4941176470588235,0.24074074074074076
0.613787991104522,0.6148783977110158,0.6233766233766234,0.39999999999999997,0.24074074074074076
0.7220163083765753,0.7403719599427753,0.5584415584415583,0.4352941176470589,0.2962962962962963
0.4736842105263158,0.45339055793991423,0.4155844155844155,0.27058823529411763,0.0
0.3528539659006672,0.3104434907010013,0.5844155844155845,0.38823529411764707,0.037037037037037035
0.3298739807264641,0.2850929899856939,0.5974025974025972,0.7529411764705882,0.0
0.5871015567086733,0.5806008583690986,0.5064935064935063,0.28235294117647064,0.4259259259259259
0.5329873980726465,0.5140486409155937,0.33766233766233755,0.38823529411764707,0.27777777777777773
0.31875463306152707,0.2738769670958512,0.6103896103896103,0.5294117647058822,0.05555555555555555
0.31208302446256486,0.2686695278969957,0.46753246753246747,0.611764705882353,0.0
0.3528539659006672,0.31021459227467807,0.3246753246753247,0.4470588235294118,0.07407407407407407
0.5166790214974055,0.49567954220314725,0.4545454545454546,0.38823529411764707,0.037037037037037035
0.4091919940696813,0.37773962804005723,0.3896103896103895,0.4941176470588235,0.0
0.4877687175685693,0.4565951359084407,0.48051948051948057,0.35294117647058826,0.3888888888888889
0.4381022979985174,0.4113876967095851,0.5324675324675325,0.5176470588235293,0.0
0.6441808747220165,0.6498998569384836,0.3896103896103895,0.5411764705882354,0.2222222222222222
0.3031875463306153,0.2599713876967096,0.5454545454545456,0.5647058823529412,0.0
0.3150481838398814,0.2709585121602289,0.5974025974025972,0.4352941176470589,0.0
0.5715344699777614,0.559656652360515,0.6363636363636365,0.5058823529411764,0.05555555555555555
0.452186805040771,0.4283261802575108,0.5844155844155845,0.5411764705882354,0.16666666666666666
0.33506300963676805,0.2927610872675249,0.4025974025974026,0.4823529411764706,0.1111111111111111
0.5522609340252039,0.5350500715307581,0.6493506493506491,0.4705882352941177,0.4444444444444444
0.24166048925129727,0.18907010014306147,0.7402597402597404,0.6352941176470588,0.25925925925925924
0.44255003706449225,0.4170529327610871,0.33766233766233755,0.5294117647058822,0.0
0.5700518902891032,0.5574821173104435,0.4415584415584415,0.4470588235294118,0.09259259259259259
0.41957005189028906,0.38786838340486396,0.8701298701298701,0.4823529411764706,0.0
0.3365455893254262,0.29373390557939916,0.6103896103896103,0.6352941176470588,0.0
0.67531504818384,0.6856652360515022,0.3896103896103895,0.4352941176470589,0.37037037037037035
0.4314306893995552,0.4033190271816881,0.3246753246753247,0.6823529411764706,0.018518518518518517
0.45811712379540415,0.43582260371959936,0.5974025974025972,0.7647058823529411,0.2962962962962963
0.6686434395848778,0.678283261802575,0.2597402597402596,0.5176470588235293,0.27777777777777773
0.558191252779837,0.5431759656652361,0.6103896103896103,0.5411764705882354,0.1111111111111111
0.6352853965900668,0.6408011444921317,0.6103896103896103,0.5294117647058822,0.018518518518518517
0.43513713862120096,0.40783977110157366,0.46753246753246747,0.588235294117647,0.0
0.3254262416604893,0.28154506437768245,0.31168831168831157,0.5647058823529412,0.0
0.5515196441808748,0.541459227467811,0.6363636363636365,0.6352941176470588,0.0
0.70941438102298,0.7249785407725321,0.3896103896103895,0.5529411764705883,0.46296296296296297
0.7101556708673091,0.7257224606580831,0.5194805194805194,0.35294117647058826,0.14814814814814814
0.8250555967383248,0.868555078683834,0.46753246753246747,0.2117647058823529,0.37037037037037035
0.6071163825055598,0.6055507868383406,0.48051948051948057,0.411764705882353,0.2222222222222222
0.2668643439584878,0.21190271816881256,0.5584415584415583,0.5058823529411764,0.1111111111111111
0.7642698295033359,0.7905007153075821,0.46753246753246747,0.36470588235294116,0.4074074074074074
0.5856189770200149,0.5739055793991416,0.49350649350649345,0.6000000000000001,0.07407407407407407
0.6263899184581172,0.6297567954220314,0.35064935064935066,0.5294117647058822,0.4259259259259259
0.6160118606375093,0.6175107296137338,0.36363636363636354,0.4352941176470589,0.0
0.3795404002965159,0.34397711015736765,0.5454545454545456,0.411764705882353,0.2962962962962963
0.37879911045218684,0.3424892703862661,0.35064935064935066,0.9058823529411764,0.0
0.4974054855448481,0.47244635193133044,0.4545454545454546,0.4352941176470589,0.5185185185185186
0.4343958487768719,0.40680972818311867,0.7792207792207793,0.8117647058823529,0.07407407407407407
0.18680504077094148,0.12686695278969962,0.6493506493506491,0.4235294117647059,0.1111111111111111
0.608598962194218,0.607668097281831,0.5064935064935063,0.36470588235294116,0.2962962962962963
0.2816901408450704,0.23118741058655212,0.6493506493506491,0.776470588235294,0.1111111111111111
0.3884358784284655,0.3534191702432046,0.5324675324675325,0.7882352941176469,0.0
0.5833951074870275,0.5768240343347638,0.2727272727272727,0.4705882352941177,0.07407407407407407
0.7323943661971832,0.7531330472103005,0.5064935064935063,0.6235294117647059,0.12962962962962962
0.5796886582653817,0.5703004291845492,0.4285714285714286,0.4470588235294118,0.0
0.6782802075611565,0.6896709585121602,0.5454545454545456,0.5058823529411764,0.12962962962962962
0.46404744255003716,0.4417739628040057,0.6493506493506491,0.5764705882352941,0.2222222222222222
0.28465530022238694,0.23341917024320458,0.7272727272727273,0.588235294117647,0.14814814814814814
0.48554484803558196,0.4682117310443491,0.3246753246753247,0.5176470588235293,0.0
0.7346182357301705,0.7550786838340487,0.5844155844155845,0.4588235294117647,0.27777777777777773
0.49295774647887325,0.47702432045779686,0.35064935064935066,0.36470588235294116,0.12962962962962962
0.42253521126760574,0.3918741058655222,0.5584415584415583,0.5647058823529412,0.0
0.346182357301705,0.30420600858369085,0.6883116883116884,0.7294117647058822,0.018518518518518517
0.664195700518903,0.6741058655221744,0.3896103896103895,0.22352941176470592,0.37037037037037035
0.6575240919199408,0.667181688125894,0.2987012987012987,0.5647058823529412,0.0
0.686434395848777,0.6975679542203147,0.31168831168831157,0.4941176470588235,0.4259259259259259
0.5344699777613048,0.5155937052932761,0.2727272727272727,0.6235294117647059,0.07407407407407407
0.20830244625648628,0.15685264663805432,0.4545454545454546,0.7529411764705882,0.0
0.3736100815418829,0.3363090128755365,0.6883116883116884,0.588235294117647,0.0
0.5819125277983693,0.572761087267525,0.6493506493506491,0.24705882352941183,0.0
0.6256486286137881,0.6292417739628039,0.49350649350649345,0.5294117647058822,0.14814814814814814
0.44255003706449225,0.41733905579399133,0.6363636363636365,0.7411764705882353,0.09259259259259259
0.38621200889547813,0.3515307582260372,0.31168831168831157,0.6941176470588235,0.1111111111111111
0.3298739807264641,0.28457796852646644,0.4155844155844155,0.6470588235294117,0.27777777777777773
0.42772424017790966,0.39782546494992843,0.7012987012987011,0.5294117647058822,0.0
0.6011860637509268,0.5976537911301859,0.4545454545454546,0.4823529411764706,0.46296296296296297
0.30615270570793185,0.26317596566523604,0.6233766233766234,0.5529411764705883,0.3518518518518518
0.5218680504077094,0.5017453505007152,0.1558441558441559,0.5176470588235293,0.27777777777777773
0.49221645663454416,0.46237482117310436,0.4545454545454546,0.411764705882353,0.3333333333333333
0.5203854707190513,0.5002002861230328,0.22077922077922074,0.4588235294117647,0.09259259259259259
0.6908821349147517,0.7026609442060087,0.4025974025974026,0.4588235294117647,0.16666666666666666
0.21423276501111935,0.16171673819742483,0.5584415584415583,0.4588235294117647,0.12962962962962962
0.3736100815418829,0.33619456366237477,0.5194805194805194,0.7294117647058822,0.12962962962962962
0.39214232765011126,0.3573676680972818,0.7402597402597404,0.5294117647058822,0.0
0.714603409933284,0.7317882689556509,0.753246753246753,0.6000000000000001,0.3518518518518518
0.47220163083765754,0.45207439198855504,0.5844155844155845,0.6000000000000001,0.0
0.6671608598962195,0.6769670958512161,0.3246753246753247,0.5058823529411764,0.3518518518518518
0.44255003706449225,0.41716738197424885,0.4155844155844155,0.4352941176470589,0.0
0.5908080059303188,0.5852360515021459,0.36363636363636354,0.4588235294117647,0.2962962962962963
0.5915492957746479,0.586266094420601,0.2857142857142856,0.4352941176470589,0.2037037037037037
0.3587842846553002,0.31816881258941354,0.5194805194805194,0.7176470588235293,0.2037037037037037
0.47146034099332845,0.4337625178826895,0.5714285714285714,0.4470588235294118,0.48148148148148145
0.5011119347664938,0.47719599427753934,0.4285714285714286,0.4470588235294118,0.24074074074074076
0.39140103780578206,0.3565092989985693,0.5454545454545456,0.5294117647058822,0.18518518518518517
0.4388435878428466,0.4128183118741059,0.37662337662337664,0.6235294117647059,0.0
0.5537435137138622,0.5383118741058656,0.4415584415584415,0.4705882352941177,0.3888888888888889
0.3380281690140845,0.29516452074391986,0.805194805194805,0.8,0.0
0.6827279466271313,0.6936194563662373,0.46753246753246747,0.38823529411764707,0.3148148148148148
0.5174203113417346,0.49670958512160224,0.5844155844155845,0.38823529411764707,0.3518518518518518
0.31949592290585616,0.2748497854077252,0.3896103896103895,0.4941176470588235,0.12962962962962962
0.29206819866567835,0.24583690987124462,0.5714285714285714,0.4705882352941177,0.018518518518518517
0.5967383246849519,0.5930185979971386,0.6623376623376622,0.22352941176470592,0.1111111111111111
0.6182357301704968,0.6204864091559369,0.5454545454545456,0.5176470588235293,0.0
0.4825796886582655,0.4654649499284692,0.6363636363636365,0.4941176470588235,0.07407407407407407
0.3380281690140845,0.29573676680972816,0.6493506493506491,0.6705882352941175,0.037037037037037035
0.5900667160859897,0.5847210300429183,0.24675324675324672,0.30588235294117644,0.3333333333333333
0.7494440326167533,0.7726466380543634,0.6363636363636365,0.4705882352941177,0.24074074074074076
0.6990363232023723,0.7117596566523604,0.5844155844155845,0.36470588235294116,0.4074074074074074
0.42698295033358047,0.3975965665236052,0.6493506493506491,0.611764705882353,0.037037037037037035
0.4670126019273536,0.4288412017167381,0.22077922077922074,0.36470588235294116,0.4444444444444444
0.6167531504818384,0.6185979971387697,0.2987012987012987,0.4823529411764706,0.3333333333333333
0.7079318013343218,0.7241201716738198,0.3246753246753247,0.411764705882353,0.27777777777777773
0.47961452928094883,0.4460658082975679,0.6493506493506491,0.4705882352941177,0.24074074074074076
0.6041512231282432,0.6016595135908441,0.6233766233766234,0.36470588235294116,0.3333333333333333
0.5871015567086733,0.5811158798283261,0.49350649350649345,0.6941176470588235,0.24074074074074076
0.6145292809488511,0.616766809728183,0.22077922077922074,0.4705882352941177,0.4444444444444444
0.5500370644922166,0.5388841201716738,0.7272727272727273,0.8705882352941177,0.037037037037037035
0.27353595255745,0.2224892703862661,0.7142857142857142,0.411764705882353,0.0
0.7020014825796888,0.7144492131616597,0.6103896103896103,0.5647058823529412,0.14814814814814814
0.7183098591549297,0.7368812589413448,0.6363636363636365,0.35294117647058826,0.2037037037037037
0.4255003706449222,0.3954220314735336,0.7142857142857142,0.4470588235294118,0.14814814814814814
0.4877687175685693,0.4717596566523604,0.6233766233766234,0.5529411764705883,0.1111111111111111
0.6493699036323204,0.6576824034334764,0.36363636363636354,0.36470588235294116,0.0
0.7294292068198667,0.7506723891273247,0.37662337662337664,0.588235294117647,0.2037037037037037
0.4833209785025946,0.4660371959942774,0.5974025974025972,0.4941176470588235,0.07407407407407407
0.33432171979243885,0.29230329041487835,0.5064935064935063,0.7058823529411764,0.0
0.3595255744996294,0.3185121602288983,0.5974025974025972,0.5058823529411764,0.14814814814814814
0.452186805040771,0.40572246065808293,0.3896103896103895,0.4588235294117647,0.3148148148148148
0.29280948851000743,0.24755364806866953,0.5324675324675325,0.8235294117647058,0.4074074074074074
0.6167531504818384,0.6183690987124463,0.2987012987012987,0.5176470588235293,0.3333333333333333
0.34988880652335064,0.3076967095851215,0.4545454545454546,0.611764705882353,0.0
0.4907338769458859,0.47530758226037184,0.4155844155844155,0.7294117647058822,0.0
0.5411415863602669,0.5234334763948497,0.4285714285714286,0.35294117647058826,0.3148148148148148
0.368421052631579,0.3308726752503577,0.7922077922077924,0.7529411764705882,0.0
0.6330615270570794,0.6377110157367668,0.2857142857142856,0.34117647058823525,0.27777777777777773
0.6990363232023723,0.7110157367668096,0.20779220779220764,0.411764705882353,0.2037037037037037
0.5856189770200149,0.5788841201716738,0.4155844155844155,0.411764705882353,0.3888888888888889
0.6293550778354337,0.6334763948497854,0.4415584415584415,0.25882352941176473,0.3518518518518518
0.3654558932542624,0.3272675250357653,0.5454545454545456,0.588235294117647,0.0
0.446256486286138,0.4215164520743919,0.37662337662337664,0.6705882352941175,0.2222222222222222
0.3750926612305412,0.33808297567954215,0.7792207792207793,0.5058823529411764,0.27777777777777773
0.5166790214974055,0.5064377682403433,0.2597402597402596,0.5058823529411764,0.0
0.7857672349888809,0.8177396280400572,0.49350649350649345,0.5529411764705883,0.25925925925925924
0.6545589325426242,0.66414878397711,0.5974025974025972,0.4823529411764706,0.0
0.5478131949592291,0.5313304721030044,0.5324675324675325,0.37647058823529417,0.3518518518518518
0.3669384729429207,0.3296709585121602,0.7922077922077924,0.6000000000000001,0.0
0.30763528539659013,0.26483547925608,0.6103896103896103,0.4941176470588235,0.0
0.6708673091178652,0.6805722460658082,0.23376623376623362,0.5294117647058822,0.8333333333333333
0.2883617494440326,0.23988555078683838,0.6493506493506491,0.6470588235294117,0.0
0.5922905856189771,0.58689556509299,0.6883116883116884,0.6000000000000001,0.2037037037037037
0.5878428465530023,0.5816881258941343,0.5194805194805194,0.6235294117647059,0.0
0.48628613787991104,0.4698140200286124,0.6753246753246753,0.5529411764705883,0.0
0.323943661971831,0.2806294706723892,0.4415584415584415,0.611764705882353,0.1111111111111111
0.5641215715344701,0.5521030042918454,0.7792207792207793,0.776470588235294,0.0
0.569310600444774,0.5576537911301861,0.7012987012987011,0.7411764705882353,0.037037037037037035
0.641957005189029,0.6473247496423461,0.3246753246753247,0.5529411764705883,0.5925925925925926
0.6048925129725723,0.5970243204577969,0.6103896103896103,0.6941176470588235,0.07407407407407407
0.4840622683469237,0.4666094420600858,0.8441558441558443,0.4352941176470589,0.24074074074074076
0.4536693847294293,0.43050071530758227,0.6233766233766234,0.6823529411764706,0.18518518518518517
0.37064492216456635,0.332474964234621,0.48051948051948057,0.7411764705882353,0.48148148148148145
0.6849518161601187,0.6958512160228899,0.5714285714285714,0.34117647058823525,0.5185185185185186
0.3973313565604152,0.3621173104434906,0.6103896103896103,0.7411764705882353,0.16666666666666666
0.25574499629355085,0.20131616595135904,0.8441558441558443,0.31764705882352945,0.4074074074074074
0.6189770200148259,0.622145922746781,0.6623376623376622,0.4941176470588235,0.37037037037037035
0.4403261675315049,0.4138483547925609,0.6753246753246753,0.6235294117647059,0.0
0.42105263157894746,0.390271816881259,0.49350649350649345,0.6705882352941175,0.0
0.6842105263157895,0.6950500715307583,0.6363636363636365,0.588235294117647,0.14814814814814814
0.6145292809488511,0.6158512160228898,0.37662337662337664,0.5176470588235293,0.537037037037037
0.5737583395107487,0.5612589413447783,0.46753246753246747,0.6000000000000001,0.12962962962962962
0.4981467753891772,0.4727896995708154,0.22077922077922074,0.34117647058823525,0.2962962962962963
0.6011860637509268,0.5978254649499283,0.1558441558441559,0.4941176470588235,0.537037037037037
0.34840622683469236,0.3060371959942776,0.6363636363636365,0.5764705882352941,0.0
0.5085248332097851,0.49670958512160224,0.4415584415584415,0.6705882352941175,0.14814814814814814
0.5277983691623426,0.5079828326180257,0.4025974025974026,0.5176470588235293,0.27777777777777773
0.7279466271312084,0.7482117310443489,0.4415584415584415,0.4823529411764706,0.12962962962962962
0.8257968865826539,0.8709585121602289,0.6363636363636365,0.37647058823529417,0.037037037037037035
0.5618977020014826,0.54689556509299,0.4545454545454546,0.37647058823529417,0.3888888888888889
0.5804299481097109,0.5717310443490701,0.48051948051948057,0.4588235294117647,0.0
0.624907338769459,0.6291273247496422,0.7662337662337662,0.4823529411764706,0.4259259259259259
0.31282431430689395,0.26907010014306143,0.7792207792207793,0.5529411764705883,0.0
0.5055596738324685,0.49464949928469226,0.5064935064935063,0.588235294117647,0.0
0.33580429948109713,0.2932188841201716,0.5194805194805194,0.8352941176470587,0.0
0.5522609340252039,0.5352789699570816,0.5584415584415583,0.4352941176470589,0.37037037037037035
0.295774647887324,0.25224606580829756,0.33766233766233755,0.7647058823529411,0.07407407407407407
0.26167531504818387,0.20703862660944206,0.4025974025974026,0.6000000000000001,0.12962962962962962
0.4395848776871758,0.41298998569384837,0.6103896103896103,0.6235294117647059,0.0
0.3454410674573759,0.3028898426323319,0.4285714285714286,0.4588235294117647,0.09259259259259259
0.5604151223128243,0.5456938483547925,0.31168831168831157,0.32941176470588235,0.3148148148148148
0.48554484803558196,0.4528755364806867,0.22077922077922074,0.5176470588235293,0.25925925925925924
0.40177909562639,0.36766809728183114,0.6623376623376622,0.6235294117647059,0.05555555555555555
0.4099332839140104,0.3780257510729613,0.6623376623376622,0.6352941176470588,0.0
0.45663454410674575,0.43422031473533607,0.6753246753246753,0.5058823529411764,0.018518518518518517
0.7272053372868792,0.7473533619456366,0.6363636363636365,0.4470588235294118,0.12962962962962962
0.4343958487768719,0.381459227467811,0.46753246753246747,0.4470588235294118,0.16666666666666666
0.6538176426982951,0.6633476394849785,0.33766233766233755,0.4470588235294118,0.2962962962962963
0.45811712379540415,0.4360515021459228,0.6103896103896103,0.8235294117647058,0.27777777777777773
0.5730170496664196,0.5605722460658084,0.31168831168831157,0.4235294117647059,0.09259259259259259
0.3965900667160861,0.36131616595135907,0.37662337662337664,0.5294117647058822,0.0
0.46478873239436624,0.443662374821173,0.753246753246753,0.6823529411764706,0.0
0.4032616753150482,0.369728183118741,0.35064935064935066,0.7176470588235293,0.18518518518518517
0.30689399555226093,0.264549356223176,0.5844155844155845,0.6352941176470588,0.49999999999999994
0.38547071905114905,0.35055793991416306,0.5844155844155845,0.7647058823529411,0.16666666666666666
0.6486286137879913,0.6569957081545063,0.4155844155844155,0.4823529411764706,0.05555555555555555
0.558191252779837,0.547525035765379,0.6363636363636365,0.4470588235294118,0.25925925925925924
0.42920681986656783,0.3692703862660943,0.5064935064935063,0.25882352941176473,0.7222222222222221
0.3736100815418829,0.33625178826895563,0.5844155844155845,0.6352941176470588,0.1111111111111111
0.41512231282431433,0.3823748211731045,0.7402597402597404,0.6705882352941175,0.05555555555555555
0.7672349888806524,0.7951359084406294,0.3246753246753247,0.588235294117647,0.48148148148148145
0.23054114158636033,0.17402002861230326,0.48051948051948057,0.4941176470588235,0.037037037037037035
0.32023721275018535,0.2754220314735335,0.6623376623376622,0.6705882352941175,0.14814814814814814
0.765011119347665,0.7912446351931329,0.49350649350649345,0.35294117647058826,0.07407407407407407
0.5819125277983693,0.5739055793991416,0.20779220779220764,0.4823529411764706,0.18518518518518517
0.731653076352854,0.7518741058655222,0.37662337662337664,0.27058823529411763,0.5925925925925926
0.42105263157894746,0.389585121602289,0.5974025974025972,0.6000000000000001,0.0
0.6293550778354337,0.6331902718168813,0.49350649350649345,0.4941176470588235,0.537037037037037
0.49369903632320233,0.4647210300429184,0.5584415584415583,0.5058823529411764,0.24074074074074076
0.47887323943661975,0.4606008583690987,0.4545454545454546,0.6705882352941175,0.2037037037037037
0.27131208302446264,0.21928469241773962,0.5064935064935063,0.6352941176470588,0.48148148148148145
0.6997776130467014,0.7127896995708153,0.6883116883116884,0.36470588235294116,0.16666666666666666
0.5856189770200149,0.5792274678111587,0.4415584415584415,0.25882352941176473,0.2962962962962963
0.4373610081541883,0.41001430615164514,0.5584415584415583,0.6588235294117646,0.18518518518518517
0.6004447739065976,0.596623748211731,0.5844155844155845,0.5647058823529412,0.12962962962962962
0.36990363232023726,0.331387696709585,0.6363636363636365,0.8,0.0
0.5478131949592291,0.5307010014306152,0.4285714285714286,0.4352941176470589,0.2962962962962963
0.6501111934766495,0.6584263233190272,0.5974025974025972,0.5647058823529412,0.2037037037037037
0.41512231282431433,0.3829470672389127,0.5194805194805194,0.6823529411764706,0.2037037037037037
0.5833951074870275,0.5715021459227466,0.5064935064935063,0.5529411764705883,0.14814814814814814
0.4818383988139364,0.46369098712446344,0.5844155844155845,0.8352941176470587,0.12962962962962962
0.597479614529281,0.5942203147353361,0.4415584415584415,0.6235294117647059,0.48148148148148145
0.4988880652335064,0.4854363376251788,0.31168831168831157,0.30588235294117644,0.0
0.5782060785767236,0.5649213161659513,0.5064935064935063,0.6823529411764706,0.5925925925925926
0.6412157153446998,0.6468669527896996,0.5454545454545456,0.5764705882352941,0.4259259259259259
0.5500370644922166,0.5391702432045778,0.6883116883116884,0.5764705882352941,0.18518518518518517
0.4240177909562639,0.36549356223175955,0.6883116883116884,0.4588235294117647,0.2037037037037037
0.4951816160118607,0.46741058655221746,0.48051948051948057,0.29411764705882354,0.27777777777777773
0.4336545589325427,0.4050357653791129,0.6493506493506491,0.8352941176470587,0.0
0.7768717568569311,0.8069814020028613,0.33766233766233755,0.35294117647058826,0.4074074074074074
0.536693847294292,0.5187410586552216,0.4285714285714286,0.5058823529411764,0.46296296296296297
0.5552260934025204,0.5399713876967095,0.5324675324675325,0.4235294117647059,0.37037037037037035
0.4699777613046703,0.4501287553648068,0.4545454545454546,0.5529411764705883,0.24074074074074076
0.4106745737583396,0.3786552217453505,0.6883116883116884,0.4470588235294118,0.07407407407407407
0.3832468495181617,0.3480400572246066,0.5844155844155845,0.32941176470588235,0.0
0.44477390659747973,0.42042918454935607,0.4415584415584415,0.7882352941176469,0.0
0.4825796886582655,0.46483547925608015,0.5454545454545456,0.8117647058823529,0.09259259259259259
0.7116382505559675,0.7281258941344778,0.35064935064935066,0.23529411764705882,0.05555555555555555
0.5114899925871016,0.49917024320457803,0.5064935064935063,0.6823529411764706,0.0
0.7064492216456636,0.7213733905579399,0.5064935064935063,0.411764705882353,0.6111111111111112
0.4336545589325427,0.37985693848354785,0.37662337662337664,0.4470588235294118,0.37037037037037035
0.7694588584136398,0.8001716738197425,0.4285714285714286,0.31764705882352945,0.27777777777777773
0.7205337286879171,0.7388268955650931,0.4415584415584415,0.4235294117647059,0.0
0.5707931801334323,0.557997138769671,0.5454545454545456,0.588235294117647,0.24074074074074076
0.5300222386953299,0.5097567954220316,0.2597402597402596,0.4470588235294118,0.3888888888888889
0.5641215715344701,0.5490701001430615,0.2597402597402596,0.4470588235294118,0.12962962962962962
0.6286137879911046,0.6326180257510728,0.6363636363636365,0.6941176470588235,0.4259259259259259
0.6493699036323204,0.6575107296137338,0.20779220779220764,0.5176470588235293,0.7592592592592593
0.553002223869533,0.5359084406294706,0.5194805194805194,0.4588235294117647,0.4444444444444444
0.7613046701260194,0.7879828326180257,0.2857142857142856,0.6588235294117646,0.4444444444444444
0.5492957746478874,0.5379685264663806,0.7402597402597404,0.611764705882353,0.0
0.5937731653076355,0.5835193133047208,0.49350649350649345,0.6235294117647059,0.0
0.8332097850259452,0.8794277539341916,0.4545454545454546,0.5294117647058822,0.07407407407407407
0.6100815418828762,0.6088125894134478,0.5194805194805194,0.5647058823529412,0.2222222222222222
0.4240177909562639,0.3929613733905579,0.6233766233766234,0.5647058823529412,0.0
0.3617494440326168,0.3221173104434907,0.48051948051948057,0.6705882352941175,0.0
0.49369903632320233,0.47816881258941335,0.6493506493506491,0.6000000000000001,0.09259259259259259
0.7071905114899927,0.7234907010014305,0.49350649350649345,0.4588235294117647,0.24074074074074076
0.4618235730170497,0.4232904148783976,0.33766233766233755,0.588235294117647,0.27777777777777773
0.507783543365456,0.495450643776824,0.4155844155844155,0.6588235294117646,0.25925925925925924
0.40029651593773163,0.3664663805436338,0.5974025974025972,0.8117647058823529,0.0
0.6152705707931801,0.6169957081545064,0.5454545454545456,0.25882352941176473,0.3333333333333333
0.2942920681986657,0.25041487839771104,0.46753246753246747,0.4823529411764706,0.2037037037037037
0.7509266123054115,0.7735622317596565,0.35064935064935066,0.2117647058823529,0.018518518518518517
0.6627131208302447,0.6721030042918456,0.48051948051948057,0.39999999999999997,0.16666666666666666
0.469236471460341,0.4309012875536481,0.6103896103896103,0.4470588235294118,0.2037037037037037
0.4736842105263158,0.4385121602288983,0.4415584415584415,0.611764705882353,0.0
0.3306152705707932,0.28629470672389123,0.6623376623376622,0.5176470588235293,0.09259259259259259
0.6078576723498889,0.5978826895565094,0.3896103896103895,0.31764705882352945,0.3518518518518518
0.38398813936249077,0.3486123032904149,0.5844155844155845,0.5764705882352941,0.0
0.45589325426241656,0.4329041487839771,0.49350649350649345,0.611764705882353,0.0
0.5848776871756858,0.5780257510729615,0.49350649350649345,0.4705882352941177,0.574074074074074
0.3446997776130467,0.30248927038626605,0.3896103896103895,0.6470588235294117,0.037037037037037035
0.26241660489251306,0.208412017167382,0.5714285714285714,0.9058823529411764,0.18518518518518517
0.167531504818384,0.1067811158798283,0.6103896103896103,0.5647058823529412,0.0
0.6108228317272054,0.6098426323319027,0.48051948051948057,0.5764705882352941,0.27777777777777773
0.630096367679763,0.6346781115879828,0.2987012987012987,0.6235294117647059,0.018518518518518517
0.5604151223128243,0.5455221745350501,0.37662337662337664,0.38823529411764707,0.14814814814814814
0.374351371386212,0.3378540772532189,0.5064935064935063,0.5176470588235293,0.0
0.5922905856189771,0.5869527896995709,0.5974025974025972,0.4352941176470589,0.3333333333333333
0.49147516679021497,0.4760515021459226,0.6103896103896103,0.5647058823529412,0.0
0.6189770200148259,0.6215736766809729,0.6493506493506491,0.4941176470588235,0.4444444444444444
0.5063009636767977,0.4948783977110157,0.3246753246753247,0.7529411764705882,0.25925925925925924
0.39140103780578206,0.3563948497854076,0.6883116883116884,0.5647058823529412,0.1111111111111111
0.6619718309859156,0.6711301859799713,0.4155844155844155,0.4470588235294118,0.46296296296296297
0.6567828020756117,0.66552217453505,0.48051948051948057,0.6470588235294117,0.4444444444444444
0.3009636767976278,0.25825464949928456,0.4155844155844155,0.6470588235294117,0.0
0.7064492216456636,0.7214878397711016,0.4415584415584415,0.4235294117647059,0.27777777777777773
0.759080800593032,0.7840343347639486,0.18181818181818166,0.411764705882353,0.49999999999999994
0.7234988880652337,0.743519313304721,0.5324675324675325,0.588235294117647,0.3888888888888889
0.13269088213491478,0.08606580829756794,0.6623376623376622,0.7882352941176469,0.2037037037037037
0.7049666419570053,0.7189127324749641,0.46753246753246747,0.5176470588235293,0.5555555555555556
0.6745737583395108,0.6849785407725323,0.5194805194805194,0.37647058823529417,0.5185185185185186
0.6656782802075613,0.6761087267525036,0.5324675324675325,0.5764705882352941,0.0
0.27131208302446264,0.22008583690987116,0.48051948051948057,0.5176470588235293,0.1111111111111111
0.35656041512231285,0.3147353361945636,0.4415584415584415,0.5529411764705883,0.0
0.5233506300963677,0.5125608011444921,0.4285714285714286,0.6588235294117646,0.0
0.5804299481097109,0.5717310443490701,0.49350649350649345,0.4235294117647059,0.25925925925925924
0.3365455893254262,0.29373390557939916,0.5194805194805194,0.7176470588235293,0.0
0.5967383246849519,0.5924463519313304,0.20779220779220764,0.36470588235294116,0.0
0.5159377316530764,0.49367668097281825,0.7792207792207793,0.588235294117647,0.1111111111111111
0.5782060785767236,0.5677825464949927,0.6233766233766234,0.4352941176470589,0.27777777777777773
0.5329873980726465,0.5141058655221745,0.2727272727272727,0.5058823529411764,0.05555555555555555
0.8013343217197926,0.8389699570815451,0.5064935064935063,0.5529411764705883,0.3518518518518518
0.8391401037805784,0.8824606580829756,0.31168831168831157,0.35294117647058826,0.05555555555555555
0.6093402520385471,0.6082975679542203,0.4415584415584415,0.4235294117647059,0.05555555555555555
0.30763528539659013,0.26500715307582257,0.5714285714285714,0.4823529411764706,0.25925925925925924
0.3736100815418829,0.3369957081545064,0.3896103896103895,0.8,0.3518518518518518
0.5411415863602669,0.5227467811158798,0.5844155844155845,0.5294117647058822,0.18518518518518517
0.659006671608599,0.6682689556509299,0.5454545454545456,0.5176470588235293,0.4074074074074074
0.49147516679021497,0.47570815450643766,0.5324675324675325,0.6352941176470588,0.09259259259259259
0.2935507783543365,0.2488698140200286,0.6363636363636365,0.6352941176470588,0.07407407407407407
0.4321719792438843,0.40383404864091565,0.31168831168831157,0.4823529411764706,0.0
0.496664195700519,0.47113018597997136,0.4285714285714286,0.4470588235294118,0.2962962962962963
0.8176426982950336,0.858826895565093,0.5194805194805194,0.5058823529411764,0.16666666666666666
0.45663454410674575,0.43422031473533607,0.753246753246753,0.7176470588235293,0.07407407407407407
0.7494440326167533,0.7716738197424894,0.4155844155844155,0.4588235294117647,0.2222222222222222
0.3973313565604152,0.36148783977110155,0.6883116883116884,0.38823529411764707,0.0
0.5018532246108229,0.4893276108726753,0.5714285714285714,0.6941176470588235,0.18518518518518517
0.6686434395848778,0.6786838340486409,0.2727272727272727,0.6235294117647059,0.3888888888888889
0.5685693106004449,0.5546781115879827,0.2597402597402596,0.4588235294117647,0.2037037037037037
0.6553002223869534,0.6644921316165951,0.4155844155844155,0.6470588235294117,0.49999999999999994
0.6968124536693848,0.7094706723891274,0.33766233766233755,0.31764705882352945,0.18518518518518517
0.37212750185322463,0.33522174535050064,0.5974025974025972,0.5294117647058822,0.0
0.4536693847294293,0.4079542203147354,0.5844155844155845,0.6941176470588235,0.27777777777777773
0.49369903632320233,0.4636337625178827,0.4545454545454546,0.25882352941176473,0.18518518518518517
0.31430689399555234,0.27061516452074397,0.3896103896103895,0.8,0.0
0.6716085989621943,0.6814878397711016,0.5454545454545456,0.6352941176470588,0.24074074074074076
0.38547071905114905,0.35084406294706716,0.6103896103896103,0.5529411764705883,0.07407407407407407
0.647887323943662,0.655793991416309,0.5454545454545456,0.6470588235294117,0.0
0.7383246849518162,0.7601716738197425,0.5584415584415583,0.4470588235294118,0.27777777777777773
0.4662713120830245,0.444692417739628,0.3896103896103895,0.6000000000000001,0.0
0.5552260934025204,0.54483547925608,0.4155844155844155,0.5411764705882354,0.0
0.3750926612305412,0.3384263233190272,0.6103896103896103,0.6235294117647059,0.037037037037037035
0.4633061527057081,0.4414878397711015,0.5324675324675325,0.4588235294117647,0.14814814814814814
0.40029651593773163,0.36635193133047206,0.5324675324675325,0.5647058823529412,0.0
0.5826538176426984,0.5744206008583689,0.5714285714285714,0.4352941176470589,0.27777777777777773
0.39807264640474427,0.3633762517882688,0.4155844155844155,0.7058823529411764,0.0
0.3165307635285397,0.27290414878397695,0.5714285714285714,0.5176470588235293,0.037037037037037035
0.507783543365456,0.4961945636623748,0.6233766233766234,0.4352941176470589,0.0
0.8042994810971091,0.8434334763948498,0.7792207792207793,0.31764705882352945,0.12962962962962962
0.4892512972572277,0.47376251788268964,0.6103896103896103,0.6588235294117646,0.07407407407407407
0.7664936990363234,0.7929041487839771,0.6883116883116884,0.411764705882353,0.18518518518518517
0.5782060785767236,0.5683547925608011,0.48051948051948057,0.5647058823529412,0.12962962962962962
0.4833209785025946,0.46655221745350495,0.4285714285714286,0.611764705882353,0.0
0.41438102297998525,0.3813447782546495,0.5064935064935063,0.6941176470588235,0.2222222222222222
0.5255744996293552,0.5060371959942774,0.6623376623376622,0.5294117647058822,0.1111111111111111
0.586360266864344,0.5749928469241775,0.48051948051948057,0.6941176470588235,0.3518518518518518
0.49295774647887325,0.4628898426323319,0.48051948051948057,0.34117647058823525,0.46296296296296297
0.4618235730170497,0.44017167381974254,0.3896103896103895,0.6823529411764706,0.18518518518518517
0.5218680504077094,0.5117024320457796,0.4155844155844155,0.4588235294117647,0.27777777777777773
0.5789473684210527,0.5696137339055795,0.6233766233766234,0.39999999999999997,0.46296296296296297
0.4810971089696071,0.46311874105865514,0.2987012987012987,0.7176470588235293,0.0
0.4395848776871758,0.41287553648068664,0.2987012987012987,0.8705882352941177,0.05555555555555555
0.5352112676056339,0.5164520743919884,0.5064935064935063,0.4705882352941177,0.24074074074074076
0.6456634544106746,0.6519027181688125,0.3246753246753247,0.5176470588235293,0.12962962962962962
0.29280948851000743,0.24818311874105858,0.5324675324675325,0.7058823529411764,0.37037037037037035
0.44106745737583397,0.4151072961373391,0.6363636363636365,0.8,0.0
0.5685693106004449,0.5543919885550787,0.2987012987012987,0.6352941176470588,0.27777777777777773
0.4610822831727206,0.4393705293276108,0.7922077922077924,0.4352941176470589,0.0
0.19940696812453676,0.14248927038626602,0.5194805194805194,0.4588235294117647,0.0
0.6471460340993329,0.654706723891273,0.4155844155844155,0.30588235294117644,0.3148148148148148
0.3246849518161601,0.28108726752503566,0.3246753246753247,0.37647058823529417,0.018518518518518517
0.6493699036323204,0.6577968526466381,0.2987012987012987,0.37647058823529417,0.3148148148148148
0.730911786508525,0.7517024320457796,0.48051948051948057,0.4941176470588235,0.49999999999999994
0.6931060044477392,0.7053505007153077,0.3896103896103895,0.31764705882352945,0.25925925925925924
0.5544848035581913,0.5442632331902718,0.4285714285714286,0.6352941176470588,0.0
0.6330615270570794,0.6382832618025752,0.6883116883116884,0.27058823529411763,0.4444444444444444
0.7902149740548554,0.8240343347639484,0.4285714285714286,0.4352941176470589,0.3333333333333333
0.6011860637509268,0.5982832618025752,0.49350649350649345,0.5058823529411764,0.3518518518518518
0.5604151223128243,0.5491273247496423,0.5974025974025972,0.5176470588235293,0.018518518518518517
0.5937731653076355,0.589298998569385,0.31168831168831157,0.5529411764705883,0.27777777777777773
0.7049666419570053,0.7194849785407725,0.6233766233766234,0.2117647058823529,0.4074074074074074
0.5900667160859897,0.5844349070100142,0.3896103896103895,0.6823529411764706,0.09259259259259259
0.5989621942179393,0.5953075822603718,0.5974025974025972,0.36470588235294116,0.0
0.37064492216456635,0.33264663805436323,0.5584415584415583,0.611764705882353,0.14814814814814814
0.4336545589325427,0.4054935622317597,0.4025974025974026,0.6941176470588235,0.25925925925925924
0.6997776130467014,0.7129613733905579,0.6883116883116884,0.4235294117647059,0.3888888888888889
0.7027427724240178,0.7159942775393419,0.6753246753246753,0.30588235294117644,0.537037037037037
0.5959970348406227,0.5921602288984263,0.23376623376623362,0.38823529411764707,0.018518518518518517
0.45663454410674575,0.4338769670958512,0.46753246753246747,0.5764705882352941,0.37037037037037035
0.3661971830985916,0.3278397711015737,0.4285714285714286,0.5529411764705883,0.0
0.27131208302446264,0.21951359084406297,0.35064935064935066,0.39999999999999997,0.0
0.7457375833951075,0.7685264663805437,0.49350649350649345,0.4588235294117647,0.37037037037037035
0.6553002223869534,0.6647210300429184,0.3246753246753247,0.4352941176470589,0.24074074074074076
0.5618977020014826,0.5471244635193132,0.3896103896103895,0.4823529411764706,0.0
0.36397331356560414,0.32618025751072954,0.37662337662337664,0.7058823529411764,0.2037037037037037
0.3802816901408451,0.34454935622317595,0.3896103896103895,0.6823529411764706,0.2037037037037037
0.6219421793921424,0.6255793991416309,0.36363636363636354,0.5176470588235293,0.27777777777777773
0.7131208302446258,0.7308154506437768,0.4025974025974026,0.6705882352941175,0.4444444444444444
0.45144551519644194,0.42798283261802583,0.49350649350649345,0.6823529411764706,0.0
0.5922905856189771,0.5868383404864091,0.6623376623376622,0.31764705882352945,0.05555555555555555
0.6767976278724982,0.6882403433476395,0.48051948051948057,0.30588235294117644,0.37037037037037035
0.586360266864344,0.5802575107296136,0.6233766233766234,0.5294117647058822,0.3333333333333333
0.4047442550037065,0.37224606580829755,0.753246753246753,0.7294117647058822,0.07407407407407407
0.5796886582653817,0.5677825464949927,0.4415584415584415,0.6470588235294117,0.3518518518518518
0.6041512231282432,0.6020600858369097,0.5454545454545456,0.4823529411764706,0.5925925925925926
0.5233506300963677,0.5124463519313304,0.5844155844155845,0.6941176470588235,0.2222222222222222
0.6078576723498889,0.606351931330472,0.33766233766233755,0.411764705882353,0.16666666666666666
0.34247590808005934,0.29974248927038616,0.33766233766233755,0.4941176470588235,0.0
0.5144551519644182,0.5036909871244636,0.5064935064935063,0.7294117647058822,0.18518518518518517
0.6004447739065976,0.5975393419170244,0.8311688311688312,0.23529411764705882,0.16666666666666666
0.3884358784284655,0.3539341917024321,0.5714285714285714,0.588235294117647,0.05555555555555555
0.7390659747961453,0.7606294706723892,0.46753246753246747,0.4705882352941177,0.37037037037037035
0.42920681986656783,0.39965665236051495,0.5064935064935063,0.588235294117647,0.2962962962962963
0.5589325426241661,0.5436337625178825,0.49350649350649345,0.5176470588235293,0.3888888888888889
0.2357301704966642,0.1799713876967095,0.5584415584415583,0.4235294117647059,0.05555555555555555
0.5085248332097851,0.48549356223175955,0.49350649350649345,0.4470588235294118,0.0
0.5774647887323945,0.5656652360515021,0.4155844155844155,0.6823529411764706,0.2037037037037037
0.7294292068198667,0.7508440629470673,0.5714285714285714,0.4470588235294118,0.27777777777777773
0.5700518902891032,0.5571387696709585,0.5584415584415583,0.6352941176470588,0.4259259259259259
0.5107487027427725,0.488698140200286,0.7272727272727273,0.4941176470588235,0.07407407407407407
0.31430689399555234,0.27050071530758224,0.7012987012987011,0.6588235294117646,0.2037037037037037
0.5381764269829504,0.5207439198855507,0.49350649350649345,0.38823529411764707,0.07407407407407407
0.6738324684951817,0.6845207439198854,0.3246753246753247,0.31764705882352945,0.09259259259259259
0.7620459599703485,0.7886123032904148,0.46753246753246747,0.4470588235294118,0.37037037037037035
0.8050407709414382,0.8437195994277539,0.753246753246753,0.23529411764705882,0.3148148148148148
0.5248332097850259,0.504492131616595,0.4545454545454546,0.34117647058823525,0.07407407407407407
0.7368421052631581,0.758340486409156,0.4415584415584415,0.5764705882352941,0.37037037037037035
0.586360266864344,0.5797424892703863,0.6233766233766234,0.36470588235294116,0.018518518518518517
0.6856931060044479,0.696480686695279,0.4415584415584415,0.5058823529411764,0.2222222222222222
0.5670867309117865,0.5557081545064378,0.5584415584415583,0.6235294117647059,0.37037037037037035
0.5611564121571535,0.5466094420600859,0.4545454545454546,0.32941176470588235,0.037037037037037035
0.5470719051149,0.5288698140200286,0.7012987012987011,0.4588235294117647,0.12962962962962962
0.4595997034840623,0.43782546494992847,0.7012987012987011,0.6588235294117646,0.3148148148148148
0.32097850259451444,0.27725321888412013,0.6103896103896103,0.5411764705882354,0.2037037037037037
0.6212008895478133,0.624206008583691,0.3896103896103895,0.32941176470588235,0.37037037037037035
0.22312824314306898,0.16646638054363372,0.4415584415584415,0.6000000000000001,0.07407407407407407
0.40029651593773163,0.36635193133047206,0.6103896103896103,0.5529411764705883,0.05555555555555555
0.44848035581912526,0.3967381974248927,0.4545454545454546,0.5529411764705883,0.0
0.7042253521126762,0.7178254649499284,0.24675324675324672,0.28235294117647064,0.49999999999999994
0.5982209043736101,0.5945064377682404,0.49350649350649345,0.6000000000000001,0.3148148148148148
0.6975537435137139,0.7101573676680973,0.5584415584415583,0.4470588235294118,0.48148148148148145
0.45885841363973323,0.41979971387696713,0.5194805194805194,0.4705882352941177,0.18518518518518517
0.44996293550778355,0.4261516452074391,0.5324675324675325,0.7294117647058822,0.0
0.7049666419570053,0.7197711015736766,0.5194805194805194,0.7176470588235293,0.3518518518518518
0.535952557449963,0.5250929899856939,0.5844155844155845,0.611764705882353,0.14814814814814814
0.27650111193476656,0.22620886981402,0.37662337662337664,0.4705882352941177,0.14814814814814814
0.6212008895478133,0.6244921316165951,0.35064935064935066,0.39999999999999997,0.14814814814814814
0.3246849518161601,0.2810300429184549,0.6493506493506491,0.5764705882352941,0.14814814814814814
0.6886582653817643,0.7013447782546495,0.7662337662337662,0.4588235294117647,0.4444444444444444
0.4040029651593774,0.3710443490701001,0.4025974025974026,0.6352941176470588,0.27777777777777773
0.42253521126760574,0.39164520743919873,0.3246753246753247,0.5764705882352941,0.0
0.4373610081541883,0.4103576537911301,0.5844155844155845,0.5647058823529412,0.14814814814814814
0.5233506300963677,0.5029470672389127,0.7012987012987011,0.5176470588235293,0.37037037037037035
0.6456634544106746,0.6523032904148783,0.6493506493506491,0.37647058823529417,0.0
0.4662713120830245,0.4446351931330472,0.5584415584415583,0.7176470588235293,0.18518518518518517
0.6938472942920683,0.7063233190271817,0.37662337662337664,0.34117647058823525,0.1111111111111111
0.4314306893995552,0.4034334763948497,0.48051948051948057,0.5176470588235293,0.018518518518518517
0.5959970348406227,0.5885550786838342,0.6103896103896103,0.7176470588235293,0.037037037037037035
0.5011119347664938,0.48835479256080105,0.5454545454545456,0.4352941176470589,0.07407407407407407
0.6293550778354337,0.6220886981402002,0.7012987012987011,0.7647058823529411,0.16666666666666666
0.3580429948109711,0.3167954220314735,0.5974025974025972,0.6705882352941175,0.0
0.5485544848035582,0.53173104434907,0.36363636363636354,0.4705882352941177,0.018518518518518517
0.5567086730911788,0.5418597997138769,0.5974025974025972,0.6000000000000001,0.6851851851851851
0.6212008895478133,0.6236909871244635,0.1428571428571428,0.4941176470588235,0.037037037037037035
0.26982950333580435,0.21814020028612302,0.5584415584415583,0.5764705882352941,0.2037037037037037
0.2216456634544107,0.1647496423462088,0.5454545454545456,0.7176470588235293,0.2222222222222222
0.5433654558932542,0.531101573676681,0.5064935064935063,0.7529411764705882,0.14814814814814814
0.7679762787249816,0.7973676680972818,0.49350649350649345,0.4823529411764706,0.0
0.6182357301704968,0.6056080114449213,0.7012987012987011,0.6941176470588235,0.037037037037037035
0.5418828762045961,0.5298998569384835,0.4025974025974026,0.5058823529411764,0.0
0.6842105263157895,0.6948783977110157,0.4415584415584415,0.4941176470588235,0.24074074074074076
0.6842105263157895,0.6952789699570815,0.4025974025974026,0.5647058823529412,0.4444444444444444
0.4395848776871758,0.41298998569384837,0.49350649350649345,0.4823529411764706,0.18518518518518517
0.39807264640474427,0.36320457796852634,0.4025974025974026,0.5647058823529412,0.09259259259259259
0.5100074128984433,0.4882975679542203,0.7012987012987011,0.5058823529411764,0.3148148148148148
0.7598220904373612,0.7860944206008583,0.18181818181818166,0.34117647058823525,0.25925925925925924
0.5908080059303188,0.5857510729613734,0.4545454545454546,0.5176470588235293,0.1111111111111111
0.424759080800593,0.3946781115879827,0.5714285714285714,0.7176470588235293,0.0
0.6389918458117124,0.6439484978540772,0.22077922077922074,0.4941176470588235,0.2962962962962963
0.2461082283172721,0.1939341917024321,0.37662337662337664,0.588235294117647,0.3148148148148148
0.7160859896219423,0.7348783977110157,0.5194805194805194,0.37647058823529417,0.24074074074074076
0.480355819125278,0.46180257510729616,0.4155844155844155,0.6235294117647059,0.07407407407407407
0.7435137138621202,0.7668097281831187,0.5194805194805194,0.39999999999999997,0.2222222222222222
0.346182357301705,0.30403433476394837,0.3246753246753247,0.39999999999999997,0.2222222222222222
0.5137138621200891,0.5008869814020028,0.31168831168831157,0.6705882352941175,0.09259259259259259
0.3965900667160861,0.36108726752503584,0.5974025974025972,0.6352941176470588,0.0
0.6367679762787252,0.6421745350500715,0.7142857142857142,0.7294117647058822,0.24074074074074076
0.34321719792438843,0.30065808297567953,0.5714285714285714,0.6470588235294117,0.0
0.6612305411415865,0.6707296137339055,0.2857142857142856,0.6823529411764706,0.14814814814814814
0.5885841363973314,0.5795135908440628,0.805194805194805,0.5176470588235293,0.27777777777777773
0.5270570793180134,0.5148497854077253,0.46753246753246747,0.6352941176470588,0.0
0.37138621200889554,0.3341344778254649,0.4025974025974026,0.7647058823529411,0.037037037037037035
0.2038547071905115,0.15021459227467815,0.5324675324675325,0.7058823529411764,0.0
0.6790214974054856,0.6901859799713878,0.46753246753246747,0.411764705882353,0.18518518518518517
0.7368421052631581,0.7578254649499284,0.4415584415584415,0.4352941176470589,0.14814814814814814
0.5248332097850259,0.5139341917024319,0.6493506493506491,0.5176470588235293,0.25925925925925924
0.29799851742031136,0.25379113018598,0.5974025974025972,0.5058823529411764,0.0
0.29799851742031136,0.2541917024320458,0.7272727272727273,0.6235294117647059,0.2962962962962963
0.3936249073387694,0.3583977110157367,0.5974025974025972,0.4823529411764706,0.07407407407407407
0.40177909562639,0.36824034334763955,0.48051948051948057,0.7647058823529411,0.0
0.5522609340252039,0.5355650929899857,0.5584415584415583,0.5058823529411764,0.09259259259259259
0.4336545589325427,0.40555078683834045,0.5714285714285714,0.7294117647058822,0.0
0.536693847294292,0.5255507868383403,0.2727272727272727,0.7058823529411764,0.3888888888888889
0.37731653076352867,0.3408869814020029,0.5974025974025972,1.0,0.0
0.346182357301705,0.3043776824034333,0.5714285714285714,0.8,0.16666666666666666
0.7123795404002966,0.7293848354792561,0.35064935064935066,0.27058823529411763,0.16666666666666666
0.37879911045218684,0.3419170243204577,0.8311688311688312,0.5529411764705883,0.2037037037037037
0.5411415863602669,0.5237195994277538,0.37662337662337664,0.31764705882352945,0.2037037037037037
0.4091919940696813,0.37756795422031475,0.4415584415584415,0.5647058823529412,0.037037037037037035
0.5930318754633063,0.5883261802575107,0.3896103896103895,0.29411764705882354,0.25925925925925924
0.2327650111193477,0.17464949928469242,0.46753246753246747,0.4823529411764706,0.27777777777777773
0.4388435878428466,0.4122460658082976,0.49350649350649345,0.411764705882353,0.0
0.34988880652335064,0.3078683834048641,0.3896103896103895,0.5411764705882354,0.14814814814814814
0.4766493699036324,0.44314735336194555,0.6233766233766234,0.35294117647058826,0.2962962962962963
0.40029651593773163,0.3664091559370528,0.4025974025974026,0.4705882352941177,0.0
0.3446997776130467,0.30220314735336185,0.5844155844155845,0.611764705882353,0.037037037037037035
0.34247590808005934,0.3000858369098711,0.7272727272727273,0.6470588235294117,0.0
0.7116382505559675,0.7272103004291844,0.5324675324675325,0.4705882352941177,0.09259259259259259
0.5507783543365457,0.5339628040057224,0.4415584415584415,0.38823529411764707,0.2962962962962963
0.19940696812453676,0.14346208869814014,0.5064935064935063,0.7882352941176469,0.14814814814814814
0.3313565604151223,0.2880686695278969,0.5584415584415583,0.5529411764705883,0.018518518518518517
0.46478873239436624,0.4254649499284693,0.2987012987012987,0.6000000000000001,0.2222222222222222
0.4032616753150482,0.36995708154506435,0.7402597402597404,0.4823529411764706,0.27777777777777773
0.7361008154188289,0.7572532188841202,0.5194805194805194,0.4823529411764706,0.3333333333333333
0.6945885841363975,0.7072961373390559,0.36363636363636354,0.4588235294117647,0.18518518518518517
0.5137138621200891,0.5026609442060085,0.5844155844155845,0.5764705882352941,0.0
0.6145292809488511,0.6160228898426322,0.23376623376623362,0.4352941176470589,0.2222222222222222
0.41586360266864353,0.38346208869814025,0.46753246753246747,0.8588235294117648,0.0
0.2438843587842847,0.1907296137339055,0.7012987012987011,0.6470588235294117,0.0
0.6174944403261675,0.6193419170243205,0.5584415584415583,0.5764705882352941,0.4074074074074074
0.7108969607116384,0.7270958512160227,0.4545454545454546,0.39999999999999997,0.16666666666666666
0.6338028169014085,0.6394849785407725,0.23376623376623362,0.4823529411764706,0.0
0.608598962194218,0.6072103004291846,0.4545454545454546,0.6705882352941175,0.25925925925925924
0.3810229799851742,0.34500715307582264,0.46753246753246747,0.4705882352941177,0.0
0.3951074870274277,0.36005722460658085,0.5584415584415583,0.6941176470588235,0.07407407407407407
0.47813194959229066,0.45939914163090123,0.5194805194805194,0.6705882352941175,0.4444444444444444
0.36249073387694586,0.32286123032904146,0.2987012987012987,0.611764705882353,0.18518518518518517
0.5826538176426984,0.5753361945636625,0.23376623376623362,0.23529411764705882,0.37037037037037035
0.6597479614529281,0.6694134477825465,0.4415584415584415,0.4823529411764706,0.27777777777777773
0.4603409933283914,0.43896995708154507,0.4415584415584415,0.4823529411764706,0.2962962962962963
0.40177909562639,0.3678969957081545,0.5844155844155845,0.6000000000000001,0.0
0.4025203854707191,0.3682975679542203,0.4155844155844155,0.4941176470588235,0.09259259259259259
0.6464047442550038,0.6539628040057223,0.4285714285714286,0.35294117647058826,0.37037037037037035
0.5744996293550779,0.5624606580829757,0.2987012987012987,0.411764705882353,0.1111111111111111
0.7071905114899927,0.7234334763948499,0.4545454545454546,0.4705882352941177,0.0
0.3513713862120089,0.30924177396280406,0.5974025974025972,0.38823529411764707,0.0
0.47071905114899937,0.4511587982832618,0.5974025974025972,0.4705882352941177,0.2037037037037037
0.3261675315048185,0.2820028612303289,0.4415584415584415,0.4352941176470589,0.0
0.569310600444774,0.556280400572246,0.5064935064935063,0.411764705882353,0.12962962962962962
0.40548554484803556,0.37367668097281825,0.49350649350649345,0.611764705882353,0.3888888888888889
0.7034840622683469,0.7167954220314735,0.33766233766233755,0.611764705882353,0.14814814814814814
0.47220163083765754,0.43668097281831175,0.4025974025974026,0.30588235294117644,0.09259259259259259
0.7449962935507785,0.7684120171673819,0.46753246753246747,0.5294117647058822,0.2962962962962963
0.6263899184581172,0.6295851216022889,0.5714285714285714,0.32941176470588235,0.49999999999999994
0.44996293550778355,0.42592274678111586,0.2857142857142856,0.6000000000000001,0.05555555555555555
0.5389177168272795,0.5211444921316167,0.36363636363636354,0.5764705882352941,0.05555555555555555
0.2942920681986657,0.25035765379113006,0.6103896103896103,0.6000000000000001,0.0
0.3165307635285397,0.27290414878397695,0.857142857142857,0.6588235294117646,0.14814814814814814
0.5730170496664196,0.5607439198855507,0.4155844155844155,0.28235294117647064,0.12962962962962962
0.7005189028910305,0.7139914163090127,0.4025974025974026,0.30588235294117644,0.3518518518518518
0.2216456634544107,0.16612303290414876,0.7012987012987011,0.4470588235294118,0.09259259259259259
0.5255744996293552,0.5055221745350501,0.6363636363636365,0.30588235294117644,0.27777777777777773
0.2831727205337288,0.23261802575107293,0.6103896103896103,0.4588235294117647,0.3888888888888889
0.42920681986656783,0.39994277539341916,0.6623376623376622,0.39999999999999997,0.2222222222222222
0.4840622683469237,0.46729613733905573,0.4545454545454546,0.6352941176470588,0.037037037037037035
0.781319495922906,0.8135050071530757,0.3896103896103895,0.4823529411764706,0.1111111111111111
0.3098591549295775,0.26615164520743917,0.5324675324675325,0.7882352941176469,0.16666666666666666
0.39140103780578206,0.3565665236051502,0.4155844155844155,0.6235294117647059,0.0
0.5685693106004449,0.5550214592274677,0.37662337662337664,0.6470588235294117,0.37037037037037035
0.5989621942179393,0.5950786838340486,0.7922077922077924,0.411764705882353,0.05555555555555555
0.5893254262416606,0.5839771101573678,0.6753246753246753,0.6470588235294117,0.018518518518518517
0.6352853965900668,0.6400572246065809,0.48051948051948057,0.5058823529411764,0.4074074074074074
0.25574499629355085,0.2013733905579399,0.6883116883116884,0.6470588235294117,0.0
0.5011119347664938,0.4881831187410586,0.6233766233766234,0.588235294117647,0.037037037037037035
0.6879169755374352,0.6999141630901288,0.24675324675324672,0.22352941176470592,0.3148148148148148
0.40029651593773163,0.36623748211731033,0.6623376623376622,0.5176470588235293,0.3333333333333333
0.3380281690140845,0.2951072961373391,0.5454545454545456,0.4823529411764706,0.05555555555555555
0.5470719051149,0.5292703862660945,0.5714285714285714,0.4588235294117647,0.0
0.44329132690882134,0.41859799713876966,0.7402597402597404,0.6588235294117646,0.0
0.45663454410674575,0.4339341917024321,0.2857142857142856,0.6705882352941175,0.18518518518518517
0.4981467753891772,0.4841201716738198,0.5194805194805194,0.5529411764705883,0.0
0.3891771682727948,0.3539914163090129,0.4155844155844155,0.6823529411764706,0.0
0.5922905856189771,0.587868383404864,0.46753246753246747,0.37647058823529417,0.018518518518518517
0.5670867309117865,0.5529613733905577,0.48051948051948057,0.611764705882353,0.0
0.39140103780578206,0.35645207439198856,0.7142857142857142,0.611764705882353,0.0
0.39140103780578206,0.3570815450643776,0.4285714285714286,0.7647058823529411,0.0
0.7753891771682729,0.8056080114449212,0.6623376623376622,0.5411764705882354,0.3518518518518518
0.4477390659747962,0.4226609442060085,0.22077922077922074,0.36470588235294116,0.3333333333333333
0.5596738324684952,0.5452932761087267,0.2987012987012987,0.6000000000000001,0.18518518518518517
0.7205337286879171,0.7391130185979969,0.1428571428571428,0.32941176470588235,0.2222222222222222
0.7487027427724242,0.7703004291845493,0.5454545454545456,0.35294117647058826,0.09259259259259259
0.5789473684210527,0.5692131616595134,0.4545454545454546,0.6000000000000001,0.0
0.7071905114899927,0.7232618025751073,0.5454545454545456,0.4352941176470589,0.27777777777777773
0.5626389918458118,0.550901287553648,0.6493506493506491,0.6352941176470588,0.18518518518518517
0.5574499629355079,0.5464949928469242,0.753246753246753,0.36470588235294116,0.05555555555555555
0.51297257227576,0.5004291845493563,0.33766233766233755,0.6941176470588235,0.14814814814814814
0.4974054855448481,0.4832618025751073,0.4285714285714286,0.6705882352941175,0.0
0.5040770941438103,0.49081545064377674,0.4415584415584415,0.6470588235294117,0.05555555555555555
0.613787991104522,0.6156223175965666,0.49350649350649345,0.5058823529411764,0.2037037037037037
0.5707931801334323,0.5584549356223175,0.35064935064935066,0.6470588235294117,0.16666666666666666
0.4610822831727206,0.4393705293276108,0.6103896103896103,0.7882352941176469,0.0
0.597479614529281,0.5938769670958511,0.35064935064935066,0.6705882352941175,0.46296296296296297
0.4603409933283914,0.438340486409156,0.6103896103896103,0.6823529411764706,0.0
0.5478131949592291,0.5361373390557939,0.5974025974025972,0.5764705882352941,0.0
0.41363973313565605,0.3811158798283262,0.6623376623376622,0.6705882352941175,0.018518518518518517
0.4232765011119348,0.39250357653791124,0.5844155844155845,0.6705882352941175,0.0
0.586360266864344,0.5795135908440628,0.49350649350649345,0.4705882352941177,0.037037037037037035
0.6693847294292069,0.6787982832618026,0.46753246753246747,0.4235294117647059,0.0
0.7575982209043737,0.7834620886981402,0.6883116883116884,0.5411764705882354,0.2962962962962963
0.5596738324684952,0.5443204577968527,0.35064935064935066,0.4470588235294118,0.05555555555555555
0.5463306152705709,0.5351645207439198,0.6493506493506491,0.4823529411764706,0.4074074074074074
0.3817642698295033,0.3466666666666667,0.5584415584415583,0.611764705882353,0.0
0.41438102297998525,0.38157367668097275,0.6363636363636365,0.5294117647058822,0.24074074074074076
0.6145292809488511,0.6035479256080113,0.5714285714285714,0.5176470588235293,0.2037037037037037
0.5885841363973314,0.5788268955650929,0.5194805194805194,0.5647058823529412,0.05555555555555555
0.36397331356560414,0.32600858369098706,0.3896103896103895,0.6588235294117646,0.25925925925925924
0.7301704966641959,0.7511874105865523,0.4285714285714286,0.6823529411764706,0.0
0.7435137138621202,0.767095851216023,0.5324675324675325,0.35294117647058826,0.0
0.49962935507783546,0.47444921316165944,0.5584415584415583,0.4823529411764706,0.0
0.4388435878428466,0.4117882689556509,0.4285714285714286,0.6235294117647059,0.1111111111111111
0.7657524091919942,0.7924463519313304,0.6883116883116884,0.36470588235294116,0.0
0.7531504818383988,0.7768812589413449,0.48051948051948057,0.4941176470588235,0.2037037037037037
0.7057079318013344,0.7205150214592274,0.4025974025974026,0.7176470588235293,0.1111111111111111
0.5767234988880653,0.5645207439198855,0.5064935064935063,0.4235294117647059,0.18518518518518517
0.6842105263157895,0.6951072961373389,0.48051948051948057,0.5647058823529412,0.25925925925925924
0.41882876204596,0.38746781115879825,0.6623376623376622,0.7176470588235293,0.16666666666666666
0.42105263157894746,0.3894134477825465,0.46753246753246747,0.5176470588235293,0.3333333333333333
0.5507783543365457,0.5407725321888411,0.5844155844155845,0.6705882352941175,0.0
0.7116382505559675,0.7281258941344778,0.5714285714285714,0.36470588235294116,0.16666666666666666
0.8206078576723499,0.8622603719599428,0.31168831168831157,0.38823529411764707,0.2037037037037037
0.5470719051149,0.5352217453505007,0.5974025974025972,0.7411764705882353,0.0
0.34914751667902155,0.30712446351931333,0.5584415584415583,0.6705882352941175,0.09259259259259259
0.3380281690140845,0.29630901287553635,0.7012987012987011,0.6352941176470588,0.37037037037037035
0.6323202372127503,0.6368526466380543,0.5584415584415583,0.5411764705882354,0.48148148148148145
0.6338028169014085,0.6385121602288985,0.5844155844155845,0.4823529411764706,0.6666666666666667
0.496664195700519,0.4714735336194563,0.5844155844155845,0.4588235294117647,0.09259259259259259
0.44477390659747973,0.42042918454935607,0.4025974025974026,0.6588235294117646,0.07407407407407407
0.3817642698295033,0.34643776824034334,0.4025974025974026,0.37647058823529417,0.0
0.5559673832468497,0.540486409155937,0.6363636363636365,0.6235294117647059,0.2962962962962963
0.5604151223128243,0.5456366237482119,0.49350649350649345,0.5411764705882354,0.0
0.51297257227576,0.4911587982832618,0.48051948051948057,0.4823529411764706,0.3888888888888889
0.49444032616753164,0.4788555078683834,0.5584415584415583,0.611764705882353,0.07407407407407407
0.3869532987398073,0.3519885550786839,0.4415584415584415,0.7058823529411764,0.0
0.8220904373610083,0.8644349070100142,0.49350649350649345,0.30588235294117644,0.25925925925925924
0.536693847294292,0.5253218884120171,0.4025974025974026,0.5294117647058822,0.46296296296296297
0.6004447739065976,0.5971959942775392,0.2987012987012987,0.6588235294117646,0.27777777777777773
0.37731653076352867,0.3404291845493562,0.5974025974025972,0.6941176470588235,0.1111111111111111
0.3002223869532987,0.25711015736766807,0.5714285714285714,0.6352941176470588,0.0
0.5018532246108229,0.48938483547925604,0.4285714285714286,0.6000000000000001,0.0
0.4988880652335064,0.4730758226037196,0.46753246753246747,0.6588235294117646,0.018518518518518517
0.3469236471460341,0.3047210300429184,0.4285714285714286,0.7058823529411764,0.0
0.5959970348406227,0.591874105865522,0.33766233766233755,0.27058823529411763,0.46296296296296297
0.46553002223869544,0.44440629470672377,0.805194805194805,0.6470588235294117,0.12962962962962962
0.2216456634544107,0.16497854077253216,0.8441558441558443,0.5764705882352941,0.0
0.7338769458858414,0.7546208869814018,0.23376623376623362,0.4235294117647059,0.0
0.8183839881393626,0.8600286123032904,0.5844155844155845,0.411764705882353,0.4074074074074074
0.5618977020014826,0.549928469241774,0.7142857142857142,0.588235294117647,0.2222222222222222
0.46256486286137877,0.44074391988555073,0.46753246753246747,0.6000000000000001,0.12962962962962962
0.6093402520385471,0.6084692417739629,0.5974025974025972,0.5411764705882354,0.0
0.5989621942179393,0.5887839771101574,0.7402597402597404,0.4588235294117647,0.2037037037037037
0.352112676056338,0.309585121602289,0.3246753246753247,0.4823529411764706,0.24074074074074076
0.49369903632320233,0.4646638054363377,0.49350649350649345,0.5411764705882354,0.4259259259259259
0.6856931060044479,0.6961945636623746,0.5844155844155845,0.411764705882353,0.09259259259259259
0.4306893995552261,0.4017167381974249,0.5584415584415583,0.588235294117647,0.0
0.5092661230541142,0.497453505007153,0.6753246753246753,0.7294117647058822,0.037037037037037035
0.4825796886582655,0.4498426323319027,0.33766233766233755,0.611764705882353,0.27777777777777773
0.40696812453669384,0.3750500715307582,0.2987012987012987,0.7058823529411764,0.0
0.5426241660489252,0.5302432045779685,0.5194805194805194,0.611764705882353,0.07407407407407407
0.6241660489251298,0.6280972818311875,0.5454545454545456,0.4588235294117647,0.46296296296296297
0.49369903632320233,0.47759656652360516,0.5324675324675325,0.611764705882353,0.18518518518518517
0.7323943661971832,0.7531330472103005,0.5974025974025972,0.4352941176470589,0.27777777777777773
0.518902891030393,0.4988841201716737,0.5714285714285714,0.35294117647058826,0.4074074074074074
0.4885100074128985,0.45762517882689546,0.49350649350649345,0.6470588235294117,0.3518518518518518
0.4255003706449222,0.39536480686695274,0.4415584415584415,0.7058823529411764,0.0
0.4173461823573017,0.38460658082975674,0.5324675324675325,0.6705882352941175,0.0
0.34099332839140106,0.29831187410586546,0.6883116883116884,0.5176470588235293,0.0
0.5908080059303188,0.5853505007153076,0.37662337662337664,0.36470588235294116,0.16666666666666666
0.7702001482579689,0.8006866952789699,0.5714285714285714,0.32941176470588235,0.2222222222222222
0.36471460340993334,0.3265236051502145,0.5194805194805194,0.8,0.27777777777777773
0.295774647887324,0.2520171673819743,0.4415584415584415,0.5294117647058822,0.0
0.6219421793921424,0.6256366237482117,0.7402597402597404,0.1882352941176471,0.0
0.8450704225352113,0.8909298998569383,0.4415584415584415,0.4470588235294118,0.0
0.5329873980726465,0.5138769670958513,0.31168831168831157,0.31764705882352945,0.2962962962962963
0.47220163083765754,0.45241773962804,0.6363636363636365,0.5411764705882354,0.07407407407407407
0.5871015567086733,0.5809442060085838,0.5454545454545456,0.37647058823529417,0.5555555555555556
0.38621200889547813,0.3513590844062946,0.6233766233766234,0.5529411764705883,0.05555555555555555
0.3246849518161601,0.2811444921316165,0.6623376623376622,0.4470588235294118,0.0
0.7753891771682729,0.8058369098712447,0.4545454545454546,0.5058823529411764,0.3518518518518518
0.4670126019273536,0.446409155937053,0.5714285714285714,0.6235294117647059,0.0
0.37138621200889554,0.33350500715307574,0.6753246753246753,0.6352941176470588,0.0
0.5804299481097109,0.5711587982832617,0.37662337662337664,0.4470588235294118,0.12962962962962962
0.7034840622683469,0.7167381974248926,0.37662337662337664,0.6235294117647059,0.14814814814814814
0.5611564121571535,0.5464949928469242,0.5064935064935063,0.38823529411764707,0.07407407407407407
0.7212750185322462,0.7399713876967094,0.5324675324675325,0.4823529411764706,0.2962962962962963
0.480355819125278,0.4626609442060087,0.6233766233766234,0.8352941176470587,0.037037037037037035
0.5196441808747221,0.508898426323319,0.6103896103896103,0.6941176470588235,0.0
0.37138621200889554,0.33407725321888404,0.6103896103896103,0.4588235294117647,0.1111111111111111
0.5804299481097109,0.5715593705293275,0.10389610389610393,0.4705882352941177,0.05555555555555555
0.725722757598221,0.7453505007153075,0.5974025974025972,0.5176470588235293,0.1111111111111111
0.39807264640474427,0.36274678111587977,0.5194805194805194,0.5647058823529412,0.3148148148148148
0.6441808747220165,0.6501859799713877,0.5064935064935063,0.38823529411764707,0.05555555555555555
0.2861378799110452,0.23645207439198856,0.5714285714285714,0.7294117647058822,0.018518518518518517
0.7909562638991847,0.8259799713876966,0.4155844155844155,0.4235294117647059,0.07407407407407407
0.5811712379540401,0.5719027181688124,0.4025974025974026,0.4470588235294118,0.05555555555555555
0.7108969607116384,0.7265808297567954,0.5194805194805194,0.5411764705882354,0.0
0.5796886582653817,0.5703004291845492,0.5454545454545456,0.588235294117647,0.3518518518518518
0.1275018532246108,0.07690987124463522,0.5714285714285714,0.6941176470588235,0.25925925925925924
0.4336545589325427,0.40572246065808293,0.5974025974025972,0.7176470588235293,0.0
0.374351371386212,0.33739628040057223,0.2727272727272727,0.5411764705882354,0.037037037037037035
0.6063750926612307,0.6046924177396281,0.36363636363636354,0.6823529411764706,0.07407407407407407
0.6234247590808006,0.62758226037196,0.6623376623376622,0.6235294117647059,0.25925925925925924
0.5478131949592291,0.5365379113018599,0.5194805194805194,0.6705882352941175,0.0
0.6701260192735361,0.6793705293276108,0.4285714285714286,0.5058823529411764,0.12962962962962962
0.3973313565604152,0.3621173104434906,0.5194805194805194,0.6705882352941175,0.018518518518518517
0.3580429948109711,0.31656652360515025,0.6623376623376622,0.32941176470588235,0.0
0.4892512972572277,0.4589985693848354,0.31168831168831157,0.28235294117647064,0.24074074074074076
0.44180874722016317,0.41659513590844055,0.6103896103896103,0.5058823529411764,0.0
0.4010378057820607,0.36721030042918457,0.7142857142857142,0.5764705882352941,0.2037037037037037
0.43513713862120096,0.40726752503576535,0.5194805194805194,0.4588235294117647,0.2222222222222222
0.2461082283172721,0.19381974248927036,0.49350649350649345,0.6588235294117646,0.2962962962962963
0.7220163083765753,0.7400858369098712,0.3896103896103895,0.39999999999999997,0.14814814814814814
0.5537435137138622,0.5380829756795421,0.19480519480519476,0.4352941176470589,0.4444444444444444
0.7739065974796147,0.8050929899856937,0.5714285714285714,0.411764705882353,0.24074074074074076
0.496664195700519,0.4829756795422031,0.48051948051948057,0.6470588235294117,0.0
0.4529280948851001,0.4294706723891273,0.33766233766233755,0.411764705882353,0.0
0.6123054114158637,0.6121888412017168,0.4415584415584415,0.4588235294117647,0.14814814814814814
0.6093402520385471,0.608412017167382,0.35064935064935066,0.28235294117647064,0.574074074074074
0.6056338028169016,0.6044635193133047,0.5844155844155845,0.6000000000000001,0.0
0.48480355819125287,0.4519599427753934,0.49350649350649345,0.4235294117647059,0.14814814814814814
0.6041512231282432,0.6027467811158799,0.4285714285714286,0.34117647058823525,0.16666666666666666
0.686434395848777,0.6976824034334764,0.5974025974025972,0.611764705882353,0.0
0.6389918458117124,0.6441201716738197,0.5454545454545456,0.30588235294117644,0.0
0.714603409933284,0.732074391988555,0.5194805194805194,0.5294117647058822,0.3518518518518518
0.5507783543365457,0.5395708154506439,0.4545454545454546,0.6705882352941175,0.4259259259259259
0.7361008154188289,0.7574821173104435,0.4155844155844155,0.30588235294117644,0.2037037037037037
0.27650111193476656,0.2259227467811158,0.6233766233766234,0.6352941176470588,0.037037037037037035
0.7553743513713863,0.7800286123032903,0.48051948051948057,0.5058823529411764,0.4444444444444444
0.5292809488510007,0.5088412017167382,0.24675324675324672,0.39999999999999997,0.2222222222222222
0.6567828020756117,0.6660371959942776,0.8311688311688312,0.4705882352941177,0.14814814814814814
0.5908080059303188,0.5855793991416308,0.4545454545454546,0.588235294117647,0.1111111111111111
0.4951816160118607,0.46683834048640915,0.5194805194805194,0.36470588235294116,0.3333333333333333
0.3320978502594515,0.2888125894134477,0.4285714285714286,0.6352941176470588,0.0
0.7183098591549297,0.7371673819742489,0.6363636363636365,0.411764705882353,0.3888888888888889
0.5767234988880653,0.5626323319027181,0.4285714285714286,0.4235294117647059,0.1111111111111111
0.7131208302446258,0.7298426323319028,0.3896103896103895,0.4352941176470589,0.2037037037037037
0.3736100815418829,0.3365951359084407,0.4025974025974026,0.6000000000000001,0.2037037037037037
0.37138621200889554,0.334420600858369,0.46753246753246747,0.7176470588235293,0.12962962962962962
0.4981467753891772,0.48360515021459227,0.5324675324675325,0.5529411764705883,0.0
0.7509266123054115,0.7749928469241772,0.4155844155844155,0.4235294117647059,0.6666666666666667
0.40696812453669384,0.3755078683834048,0.6103896103896103,0.7647058823529411,0.3888888888888889
0.34099332839140106,0.2989985693848354,0.4025974025974026,0.4235294117647059,0.07407407407407407
0.3454410674573759,0.3034048640915593,0.5064935064935063,0.588235294117647,0.37037037037037035
0.4047442550037065,0.37213161659513583,0.6493506493506491,0.611764705882353,0.0
0.42179392142327654,0.39078683834048644,0.5064935064935063,0.4823529411764706,0.14814814814814814
0.31282431430689395,0.2690128755364807,0.6233766233766234,0.5176470588235293,0.0
0.5774647887323945,0.5656652360515021,0.4415584415584415,0.5058823529411764,0.3888888888888889
0.41363973313565605,0.3810586552217453,0.5844155844155845,0.7176470588235293,0.0
0.7946627131208304,0.8297567954220314,0.3246753246753247,0.4588235294117647,0.1111111111111111
0.37731653076352867,0.3410014306151644,0.9480519480519483,0.8,0.12962962962962962
0.5841363973313566,0.577167381974249,0.49350649350649345,0.5647058823529412,0.25925925925925924
0.40029651593773163,0.3656080114449213,0.7792207792207793,0.6823529411764706,0.0
1.0,0.9999999999999999,0.48051948051948057,0.5058823529411764,0.0
0.5122312824314307,0.49997138769670957,0.5064935064935063,0.6352941176470588,0.018518518518518517
0.5737583395107487,0.5614306151645206,0.6363636363636365,0.4352941176470589,0.2222222222222222
0.569310600444774,0.5552503576537909,0.5844155844155845,0.35294117647058826,0.24074074074074076
0.6931060044477392,0.705236051502146,0.4155844155844155,0.4235294117647059,0.2222222222222222
0.5404002965159378,0.5226895565092989,0.4415584415584415,0.4470588235294118,0.2222222222222222
0.48480355819125287,0.46741058655221746,0.36363636363636354,0.5647058823529412,0.0
0.5040770941438103,0.4915593705293275,0.37662337662337664,0.4941176470588235,0.0
0.31949592290585616,0.2749070100143062,0.5584415584415583,0.6470588235294117,0.018518518518518517
0.5871015567086733,0.5806580829756794,0.4285714285714286,0.4588235294117647,0.14814814814814814
0.36323202372127505,0.32389127324749645,0.48051948051948057,0.6823529411764706,0.0
0.904373610081542,0.9549642346208868,0.2727272727272727,0.5294117647058822,0.3333333333333333
0.613787991104522,0.6149928469241773,0.35064935064935066,0.4588235294117647,0.18518518518518517
0.5404002965159378,0.5224606580829757,0.4285714285714286,0.27058823529411763,0.2222222222222222
0.4677538917716827,0.44675250357653795,0.7402597402597404,0.5529411764705883,0.0
0.35730170496664204,0.3160515021459228,0.6753246753246753,0.5294117647058822,0.0
0.6174944403261675,0.6041773962804006,0.49350649350649345,0.588235294117647,0.07407407407407407
0.7242401779095627,0.7439771101573677,0.4155844155844155,0.5176470588235293,0.0
0.7294292068198667,0.7507296137339056,0.5714285714285714,0.5294117647058822,0.2222222222222222
0.6508524833209786,0.659799713876967,0.5194805194805194,0.4588235294117647,0.12962962962962962
0.2105263157894737,0.15839771101573674,0.31168831168831157,0.8705882352941177,0.0
0.31430689399555234,0.270557939914163,0.49350649350649345,0.4235294117647059,0.0
0.5492957746478874,0.5388268955650929,0.48051948051948057,0.4941176470588235,0.037037037037037035
0.43513713862120096,0.40743919885550783,0.7922077922077924,0.6352941176470588,0.05555555555555555
0.6538176426982951,0.6637482117310444,0.4415584415584415,0.4235294117647059,0.14814814814814814
0.536693847294292,0.5195422031473534,0.35064935064935066,0.4588235294117647,0.0
0.5730170496664196,0.560629470672389,0.37662337662337664,0.411764705882353,0.4259259259259259
0.5137138621200891,0.49150214592274677,0.46753246753246747,0.28235294117647064,0.14814814814814814
0.45144551519644194,0.4271244635193133,0.5454545454545456,0.8117647058823529,0.2037037037037037
0.3024462564862862,0.25968526466380537,0.7922077922077924,0.588235294117647,0.07407407407407407
0.21126760563380284,0.16114449213161652,0.5974025974025972,0.7882352941176469,0.16666666666666666
0.5174203113417346,0.49608011444921307,0.4285714285714286,0.29411764705882354,0.0
0.41215715344699777,0.38054363376251776,0.3896103896103895,0.5294117647058822,0.0
0.6945885841363975,0.7066666666666667,0.6493506493506491,0.32941176470588235,0.09259259259259259
0.40548554484803556,0.3733333333333333,0.6883116883116884,0.776470588235294,0.14814814814814814
0.5211267605633804,0.5112446351931329,0.5714285714285714,0.7176470588235293,0.018518518518518517
0.4899925871015568,0.4747925608011444,0.5064935064935063,0.6823529411764706,0.05555555555555555
0.39214232765011126,0.3575393419170243,0.4155844155844155,0.5058823529411764,0.0
0.5604151223128243,0.5490128755364806,0.5714285714285714,0.4470588235294118,0.0
0.20533728687916983,0.15278969957081534,0.6233766233766234,0.6823529411764706,0.2962962962962963
0.7501853224610824,0.7730472103004292,0.46753246753246747,0.39999999999999997,0.0
0.44255003706449225,0.41773962804005715,0.6363636363636365,0.5647058823529412,0.07407407407407407
0.5707931801334323,0.557997138769671,0.35064935064935066,0.39999999999999997,0.537037037037037
0.1704966641957005,0.11175965665236054,0.5194805194805194,0.7294117647058822,0.0
0.4336545589325427,0.40537911301859797,0.6103896103896103,0.6705882352941175,0.037037037037037035
0.33580429948109713,0.2933905579399141,0.5584415584415583,0.7647058823529411,0.0
0.7553743513713863,0.7807725321888411,0.33766233766233755,0.32941176470588235,0.46296296296296297
0.6530763528539659,0.6623748211731043,0.2727272727272727,0.34117647058823525,0.3148148148148148
0.6664195700518903,0.6763948497854076,0.5584415584415583,0.30588235294117644,0.5185185185185186
0.4670126019273536,0.428555078683834,0.4415584415584415,0.5529411764705883,0.3148148148148148
0.4388435878428466,0.4123605150214591,0.5584415584415583,0.6705882352941175,0.14814814814814814
0.301704966641957,0.25854077253218877,0.4415584415584415,0.8,0.0
0.7538917716827281,0.7779113018597995,0.49350649350649345,0.37647058823529417,0.24074074074074076
0.4551519644180875,0.4109298998569384,0.4415584415584415,0.4235294117647059,0.2037037037037037
0.5989621942179393,0.5954792560801144,0.4415584415584415,0.34117647058823525,0.2962962962962963
0.2750185322461083,0.22397711015736765,0.4025974025974026,0.34117647058823525,0.07407407407407407
0.40770941438102304,0.3761945636623748,0.5584415584415583,0.4705882352941177,0.0
0.7160859896219423,0.7344778254649499,0.5064935064935063,0.4588235294117647,0.037037037037037035
0.3165307635285397,0.272274678111588,0.6363636363636365,0.6235294117647059,0.2962962962962963
0.4455151964418088,0.42077253218884114,0.36363636363636354,0.5294117647058822,0.0
0.44922164566345446,0.42494992846924184,0.49350649350649345,0.7176470588235293,0.0
0.4610822831727206,0.43954220314735326,0.6883116883116884,0.5529411764705883,0.0
0.3469236471460341,0.30466380543633764,0.46753246753246747,0.5647058823529412,0.24074074074074076
0.44180874722016317,0.41642346208869807,0.37662337662337664,0.4823529411764706,0.0
0.4603409933283914,0.4390271816881258,0.6493506493506491,0.7647058823529411,0.16666666666666666
0.7301704966641959,0.7510157367668097,0.5974025974025972,0.5294117647058822,0.12962962962962962
0.5122312824314307,0.4996280400572245,0.5714285714285714,0.38823529411764707,0.46296296296296297
0.5500370644922166,0.5392846924177396,0.4545454545454546,0.5647058823529412,0.14814814814814814
0.5722757598220904,0.55931330472103,0.2727272727272727,0.4470588235294118,0.24074074074074076
0.44996293550778355,0.4014878397711015,0.48051948051948057,0.4352941176470589,0.24074074074074076
0.7220163083765753,0.7403719599427753,0.5714285714285714,0.4470588235294118,0.27777777777777773
0.6011860637509268,0.5977110157367668,0.6623376623376622,0.4705882352941177,0.3888888888888889
0.6352853965900668,0.628211731044349,0.4285714285714286,0.34117647058823525,0.0
0.5856189770200149,0.5784263233190271,0.4285714285714286,0.5647058823529412,0.2037037037037037
0.5203854707190513,0.510214592274678,0.5714285714285714,0.4941176470588235,0.16666666666666666
0.44477390659747973,0.4205436337625178,0.46753246753246747,0.5176470588235293,0.018518518518518517
0.4529280948851001,0.4297567954220315,0.5064935064935063,0.6588235294117646,0.0
0.4010378057820607,0.36692417739628036,0.7792207792207793,0.588235294117647,0.0
0.3328391401037806,0.2898998569384834,0.46753246753246747,0.4705882352941177,0.0
0.47294292068198673,0.43799713876967095,0.46753246753246747,0.29411764705882354,0.2222222222222222
0.4047442550037065,0.3716165951359084,0.6103896103896103,0.4352941176470589,0.0
0.6886582653817643,0.7008869814020028,0.36363636363636354,0.5294117647058822,0.14814814814814814
0.33506300963676805,0.2928183118741059,0.5454545454545456,0.7058823529411764,0.2962962962962963
0.29206819866567835,0.2460085836909871,0.4415584415584415,0.5764705882352941,0.05555555555555555
0.4699777613046703,0.45018597997138765,0.6493506493506491,0.6000000000000001,0.3148148148148148
0.6404744255003707,0.6461230329041486,0.5974025974025972,0.4588235294117647,0.16666666666666666
0.7034840622683469,0.716909871244635,0.6883116883116884,0.6705882352941175,0.7222222222222221
0.49444032616753164,0.47942775393419157,0.7012987012987011,0.6000000000000001,0.05555555555555555
0.6893995552260935,0.7016309012875536,0.5194805194805194,0.37647058823529417,0.3518518518518518
0.4329132690882136,0.37785407725321885,0.5064935064935063,0.5058823529411764,0.3888888888888889
0.6189770200148259,0.6216881258941346,0.46753246753246747,0.4705882352941177,0.3333333333333333
0.5544848035581913,0.5384835479256082,0.4285714285714286,0.29411764705882354,0.24074074074074076
0.44180874722016317,0.4163662374821173,0.5064935064935063,0.6705882352941175,0.0
0.18902891030392885,0.13064377682403427,0.5454545454545456,0.6000000000000001,0.018518518518518517
0.4633061527057081,0.44143061516452076,0.36363636363636354,0.6470588235294117,0.0
0.3387694588584137,0.2969384835479256,0.6883116883116884,0.7176470588235293,0.0
0.5270570793180134,0.5075822603719599,0.5844155844155845,0.29411764705882354,0.24074074074074076
0.536693847294292,0.5197138769670958,0.6363636363636365,0.5529411764705883,0.16666666666666666
0.67531504818384,0.6857224606580831,0.6753246753246753,0.5176470588235293,0.37037037037037035
0.5648628613787992,0.5503290414878398,0.1428571428571428,0.4823529411764706,0.18518518518518517
0.41438102297998525,0.38140200286123027,0.49350649350649345,0.6235294117647059,0.0
0.323943661971831,0.2805722460658082,0.7142857142857142,0.6000000000000001,0.05555555555555555
0.507783543365456,0.4850357653791131,0.4415584415584415,0.39999999999999997,0.16666666666666666
0.34099332839140106,0.2982546494992846,0.4545454545454546,0.611764705882353,0.2222222222222222
0.4455151964418088,0.395307582260372,0.4025974025974026,0.5176470588235293,0.09259259259259259
0.5656041512231283,0.5511301859799712,0.4285714285714286,0.29411764705882354,0.24074074074074076
0.4536693847294293,0.4303290414878398,0.6233766233766234,0.7647058823529411,0.05555555555555555
0.6938472942920683,0.7061516452074391,0.4545454545454546,0.39999999999999997,0.4444444444444444
0.608598962194218,0.606695278969957,0.5454545454545456,0.5764705882352941,0.5555555555555556
0.6627131208302447,0.6720457796852645,0.3896103896103895,0.29411764705882354,0.3148148148148148
0.6360266864343959,0.6414306151645207,0.49350649350649345,0.31764705882352945,0.16666666666666666
0.5492957746478874,0.5328755364806866,0.4285714285714286,0.4588235294117647,0.5185185185185186
0.18309859154929578,0.12463519313304716,0.5454545454545456,0.7882352941176469,0.0
0.5611564121571535,0.5459227467811157,0.4545454545454546,0.4705882352941177,0.07407407407407407
0.29206819866567835,0.2462947067238913,0.4415584415584415,0.611764705882353,0.037037037037037035
0.4032616753150482,0.3691559370529328,0.6103896103896103,0.6823529411764706,0.0
0.4981467753891772,0.4841201716738198,0.5584415584415583,0.6705882352941175,0.12962962962962962
0.686434395848777,0.6973962804005721,0.5064935064935063,0.29411764705882354,0.2222222222222222
0.40548554484803556,0.37339055793991405,0.6493506493506491,0.32941176470588235,0.1111111111111111
0.7613046701260194,0.7884406294706724,0.7402597402597404,0.7058823529411764,0.0
0.5737583395107487,0.5617739628040058,0.3896103896103895,0.39999999999999997,0.48148148148148145
0.7220163083765753,0.7410014306151645,0.48051948051948057,0.4588235294117647,0.0
0.4899925871015568,0.47427753934191685,0.6363636363636365,0.8588235294117648,0.0
0.44848035581912526,0.4234048640915593,0.6493506493506491,0.7529411764705882,0.0
0.5485544848035582,0.5316165951359083,0.4545454545454546,0.4352941176470589,0.3333333333333333
0.5515196441808748,0.5343061516452073,0.48051948051948057,0.38823529411764707,0.14814814814814814
0.5730170496664196,0.5606866952789699,0.5324675324675325,0.4823529411764706,0.2037037037037037
0.821349147516679,0.8630042918454935,0.4285714285714286,0.4941176470588235,0.46296296296296297
0.3587842846553002,0.3182260371959943,0.805194805194805,0.7411764705882353,0.0
0.7279466271312084,0.74826895565093,0.4025974025974026,0.36470588235294116,0.3888888888888889
0.5559673832468497,0.5404291845493562,0.5454545454545456,0.38823529411764707,0.4444444444444444
0.4336545589325427,0.40595135908440616,0.48051948051948057,0.39999999999999997,0.0
0.7346182357301705,0.7551359084406294,0.6363636363636365,0.6235294117647059,0.3518518518518518
0.4106745737583396,0.37831187410586553,0.7142857142857142,0.6705882352941175,0.0
0.4981467753891772,0.4842918454935621,0.5714285714285714,0.6470588235294117,0.0
0.34321719792438843,0.30077253218884115,0.4415584415584415,0.6235294117647059,0.0
0.4536693847294293,0.4297567954220315,0.5324675324675325,0.6823529411764706,0.1111111111111111
0.4840622683469237,0.4671816881258941,0.5194805194805194,0.4588235294117647,0.0
0.4974054855448481,0.48320457796852634,0.7402597402597404,0.7529411764705882,0.0
0.5226093402520386,0.5022031473533619,0.5064935064935063,0.38823529411764707,0.2222222222222222
0.5759822090437362,0.5641201716738197,0.36363636363636354,0.35294117647058826,0.018518518518518517
0.29873980726464056,0.25442060085836904,0.33766233766233755,0.7176470588235293,0.18518518518518517
0.295774647887324,0.25213161659513583,0.6883116883116884,0.8470588235294116,0.27777777777777773
0.7383246849518162,0.7602288984263234,0.6883116883116884,0.588235294117647,0.537037037037037
0.7561156412157155,0.781802575107296,0.2597402597402596,0.28235294117647064,0.25925925925925924
0.32690882134914756,0.282346208869814,0.6233766233766234,0.5058823529411764,0.037037037037037035
0.6501111934766495,0.6587124463519313,0.4025974025974026,0.35294117647058826,0.018518518518518517
0.6664195700518903,0.6769098712446352,0.33766233766233755,0.4235294117647059,0.3148148148148148
0.6471460340993329,0.6548211731044348,0.7142857142857142,0.4352941176470589,0.24074074074074076
0.4477390659747962,0.4231187410586551,0.5714285714285714,0.5058823529411764,0.1111111111111111
0.5500370644922166,0.5335050071530759,0.3896103896103895,0.4588235294117647,0.27777777777777773
0.5915492957746479,0.5864949928469242,0.4415584415584415,0.32941176470588235,0.2962962962962963
0.7857672349888809,0.8172818311874107,0.46753246753246747,0.25882352941176473,0.0
0.40845070422535223,0.3768812589413447,0.5974025974025972,0.5176470588235293,0.0
0.40696812453669384,0.3752217453505008,0.48051948051948057,0.6470588235294117,0.0
0.3454410674573759,0.30363376251788265,0.6233766233766234,0.5529411764705883,0.0
0.44848035581912526,0.42391988555078686,0.857142857142857,0.6705882352941175,0.37037037037037035
0.3899184581171239,0.35502145922746786,0.5974025974025972,0.5058823529411764,0.2037037037037037
0.4610822831727206,0.4224320457796853,0.6233766233766234,0.5294117647058822,0.3518518518518518
0.26982950333580435,0.21808297567954216,0.5454545454545456,0.5294117647058822,0.12962962962962962
0.46256486286137877,0.44074391988555073,0.5844155844155845,0.6588235294117646,0.0
0.3365455893254262,0.29373390557939916,0.36363636363636354,0.31764705882352945,0.25925925925925924
0.3543365455893255,0.3120457796852646,0.4025974025974026,0.588235294117647,0.09259259259259259
0.6315789473684211,0.636337625178827,0.46753246753246747,0.4823529411764706,0.3148148148148148
0.5515196441808748,0.5343633762517882,0.36363636363636354,0.38823529411764707,0.49999999999999994
0.5848776871756858,0.5736766809728183,0.7142857142857142,0.5176470588235293,0.07407407407407407
0.5166790214974055,0.49556509298998574,0.5194805194805194,0.6470588235294117,0.25925925925925924
0.5796886582653817,0.5703576537911302,0.5324675324675325,0.37647058823529417,0.25925925925925924
0.3298739807264641,0.2852074391988554,0.35064935064935066,0.588235294117647,0.0
0.5137138621200891,0.5019170243204577,0.49350649350649345,0.5764705882352941,0.0
0.6071163825055598,0.6055507868383406,0.36363636363636354,0.4705882352941177,0.07407407407407407
0.48628613787991104,0.4688984263233189,0.4155844155844155,0.5764705882352941,0.0
0.5878428465530023,0.5827753934191701,0.7402597402597404,0.588235294117647,0.1111111111111111
0.40177909562639,0.3678397711015736,0.3896103896103895,0.7176470588235293,0.12962962962962962
0.6375092661230543,0.6425751072961373,0.33766233766233755,0.27058823529411763,0.4259259259259259
0.5878428465530023,0.5825464949928468,0.4415584415584415,0.4588235294117647,0.25925925925925924
0.39807264640474427,0.36331902718168807,0.4415584415584415,0.6823529411764706,0.05555555555555555
0.6545589325426242,0.664206008583691,0.5974025974025972,0.5647058823529412,0.16666666666666666
0.7598220904373612,0.7863805436337624,0.35064935064935066,0.4588235294117647,0.3148148148148148
0.4032616753150482,0.37064377682403427,0.5194805194805194,0.6823529411764706,0.3333333333333333
0.5819125277983693,0.574134477825465,0.6623376623376622,0.5176470588235293,0.4444444444444444
0.7613046701260194,0.787525035765379,0.6233766233766234,0.5411764705882354,0.018518518518518517
0.374351371386212,0.33739628040057223,0.5584415584415583,0.7647058823529411,0.14814814814814814
0.6953298739807265,0.7079256080114448,0.22077922077922074,0.30588235294117644,0.2962962962962963
0.4047442550037065,0.3720171673819743,0.6103896103896103,0.5294117647058822,0.3518518518518518
0.44848035581912526,0.4234048640915593,0.7662337662337662,0.5176470588235293,0.0
0.36397331356560414,0.32618025751072954,0.5194805194805194,0.7529411764705882,0.0
0.5485544848035582,0.5316165951359083,0.5584415584415583,0.4352941176470589,0.2222222222222222
0.3157894736842105,0.27164520743919873,0.5324675324675325,0.4470588235294118,0.12962962962962962
0.5893254262416606,0.581173104434907,0.4025974025974026,0.39999999999999997,0.0
0.5707931801334323,0.557997138769671,0.5324675324675325,0.39999999999999997,0.2962962962962963
0.5122312824314307,0.49024320457796855,0.5454545454545456,0.1882352941176471,0.48148148148148145
0.6226834692364716,0.6148211731044347,0.5844155844155845,0.8117647058823529,0.18518518518518517
0.5952557449962936,0.5910729613733906,0.5064935064935063,0.6000000000000001,0.2962962962962963
0.6426982950333582,0.6476680972818311,0.6103896103896103,0.8117647058823529,0.16666666666666666
0.6204595997034842,0.6232331902718168,0.2987012987012987,0.4823529411764706,0.25925925925925924
0.5374351371386213,0.5201716738197425,0.3246753246753247,0.28235294117647064,0.2222222222222222
0.5833951074870275,0.5756795422031474,0.5194805194805194,0.29411764705882354,0.018518518518518517
0.3676797627872499,0.3300143061516452,0.49350649350649345,0.39999999999999997,0.1111111111111111
0.6108228317272054,0.6107582260371961,0.4545454545454546,0.5647058823529412,0.0
0.3602668643439585,0.31959942775393424,0.3246753246753247,0.4823529411764706,0.0
0.6575240919199408,0.6666666666666666,0.36363636363636354,0.35294117647058826,0.27777777777777773
0.5055596738324685,0.4930472103004291,0.2987012987012987,0.588235294117647,0.3148148148148148
0.4551519644180875,0.4324463519313305,0.5194805194805194,0.8235294117647058,0.3333333333333333
0.3298739807264641,0.2848640915593704,0.5194805194805194,0.4588235294117647,0.14814814814814814
0.4892512972572277,0.4578540772532189,0.5194805194805194,0.37647058823529417,0.4259259259259259
0.5967383246849519,0.5934763948497853,0.46753246753246747,0.6588235294117646,0.07407407407407407
0.6649369903632321,0.6753648068669528,0.46753246753246747,0.34117647058823525,0.27777777777777773
0.4699777613046703,0.4317596566523605,0.22077922077922074,0.5058823529411764,0.49999999999999994
0.7205337286879171,0.7388841201716737,0.23376623376623362,0.4470588235294118,0.24074074074074076
0.5700518902891032,0.5577110157367667,0.46753246753246747,0.5176470588235293,0.018518518518518517
0.3528539659006672,0.3102718168812588,0.6103896103896103,0.6235294117647059,0.14814814814814814
0.6048925129725723,0.6030901287553648,0.1428571428571428,0.25882352941176473,0.0
0.5100074128984433,0.49796852646638046,0.46753246753246747,0.6705882352941175,0.0
0.4595997034840623,0.4373676680972818,0.6493506493506491,0.411764705882353,0.018518518518518517
0.7042253521126762,0.7181115879828325,0.2727272727272727,0.4823529411764706,0.0
0.3825055596738325,0.3468955650929899,0.6753246753246753,0.6705882352941175,0.18518518518518517
0.5048183839881394,0.48206008583690985,0.4415584415584415,0.5176470588235293,0.37037037037037035
0.35507783543365457,0.31256080114449203,0.5454545454545456,0.4235294117647059,0.0
0.3454410674573759,0.30363376251788265,0.6233766233766234,0.8,0.09259259259259259
0.5114899925871016,0.49899856938483544,0.5714285714285714,0.6588235294117646,0.14814814814814814
0.7279466271312084,0.747868383404864,0.5194805194805194,0.39999999999999997,0.2037037037037037
0.5233506300963677,0.5022603719599428,0.6623376623376622,0.4705882352941177,0.24074074074074076
0.6456634544106746,0.652761087267525,0.19480519480519476,0.23529411764705882,0.4259259259259259
0.5707931801334323,0.5583977110157367,0.37662337662337664,0.4352941176470589,0.3148148148148148
0.42772424017790966,0.39834048640915587,0.49350649350649345,0.5647058823529412,0.49999999999999994
0.3802816901408451,0.34454935622317595,0.5714285714285714,0.5058823529411764,0.12962962962962962
0.5567086730911788,0.5463233190271816,0.4155844155844155,0.32941176470588235,0.27777777777777773
0.6434395848776873,0.6493276108726752,0.2987012987012987,0.5176470588235293,0.018518518518518517
0.6745737583395108,0.6847496423462088,0.46753246753246747,0.4588235294117647,0.0
0.6486286137879913,0.6563662374821174,0.2727272727272727,0.4470588235294118,0.0
0.5567086730911788,0.5415736766809728,0.4155844155844155,0.4823529411764706,0.16666666666666666
0.5322461082283174,0.5125608011444921,0.3896103896103895,0.4705882352941177,0.3333333333333333
0.6671608598962195,0.6770243204577967,0.31168831168831157,0.4705882352941177,0.3888888888888889
0.30467012601927357,0.2619170243204577,0.7012987012987011,0.4235294117647059,0.0
0.318013343217198,0.27364806866952796,0.6753246753246753,0.5529411764705883,0.07407407407407407
0.4032616753150482,0.36995708154506435,0.5324675324675325,0.588235294117647,0.37037037037037035
0.6286137879911046,0.6317596566523606,0.5194805194805194,0.4235294117647059,0.24074074074074076
0.32097850259451444,0.27662374821173097,0.5064935064935063,0.4823529411764706,0.1111111111111111
0.37731653076352867,0.3407725321888412,0.5194805194805194,0.6352941176470588,0.018518518518518517
0.41882876204596,0.38746781115879825,0.33766233766233755,0.5294117647058822,0.18518518518518517
0.6982950333580431,0.7109012875536481,0.5844155844155845,0.5647058823529412,0.0
0.3691623424759082,0.3312732474964235,0.4545454545454546,0.9058823529411764,0.037037037037037035
0.40548554484803556,0.37321888412017157,0.8311688311688312,0.37647058823529417,0.1111111111111111
0.6449221645663455,0.6514449213161658,0.37662337662337664,0.4941176470588235,0.2222222222222222
0.5945144551519645,0.5903862660944207,0.46753246753246747,0.4941176470588235,0.4259259259259259
0.47146034099332845,0.45173104434906997,0.5844155844155845,0.6588235294117646,0.0
0.67531504818384,0.6861230329041487,0.5974025974025972,0.4235294117647059,0.24074074074074076
0.45737583395107495,0.4347353361945636,0.4285714285714286,0.611764705882353,0.25925925925925924
0.6226834692364716,0.6260944206008582,0.49350649350649345,0.5529411764705883,0.2962962962962963
0.44106745737583397,0.41545064377682406,0.5974025974025972,0.6235294117647059,0.0
0.46404744255003716,0.442346208869814,0.6623376623376622,0.4823529411764706,0.1111111111111111
0.5203854707190513,0.5095278969957081,0.5454545454545456,0.5411764705882354,0.46296296296296297
0.6560415122312826,0.6648927038626607,0.5584415584415583,0.36470588235294116,0.2037037037037037
0.6271312083024463,0.6306723891273246,0.5194805194805194,0.29411764705882354,0.1111111111111111
0.5997034840622685,0.5962804005722461,0.2987012987012987,0.38823529411764707,0.3518518518518518
0.40770941438102304,0.3760228898426323,0.4545454545454546,0.5294117647058822,0.037037037037037035
0.4010378057820607,0.36692417739628036,0.5584415584415583,0.6588235294117646,0.09259259259259259
0.4321719792438843,0.4034907010014306,0.7402597402597404,0.6235294117647059,0.24074074074074076
0.5292809488510007,0.5176537911301858,0.5974025974025972,0.588235294117647,0.0
0.49369903632320233,0.4644349070100142,0.6493506493506491,0.5529411764705883,0.1111111111111111
0.2831727205337288,0.2326752503576538,0.7272727272727273,0.7294117647058822,0.037037037037037035
0.7613046701260194,0.7879256080114448,0.5714285714285714,0.5764705882352941,0.0
0.3098591549295775,0.26620886981402003,0.4155844155844155,0.611764705882353,0.0
0.8346923647146036,0.8806294706723891,0.3896103896103895,0.4235294117647059,0.5185185185185186
0.7205337286879171,0.7387696709585122,0.5714285714285714,0.7058823529411764,0.5185185185185186
0.4825796886582655,0.4651788268955651,0.49350649350649345,0.7294117647058822,0.05555555555555555
0.5567086730911788,0.5460371959942775,0.3246753246753247,0.5647058823529412,0.0
0.6997776130467014,0.7127896995708153,0.4285714285714286,0.6235294117647059,0.14814814814814814
0.4618235730170497,0.42346208869814006,0.5454545454545456,0.4235294117647059,0.5925925925925926
0.6130467012601929,0.6145922746781115,0.5844155844155845,0.5058823529411764,0.27777777777777773
0.6323202372127503,0.6238626609442061,0.5454545454545456,0.5764705882352941,0.018518518518518517
0.647887323943662,0.65516452074392,0.5324675324675325,0.38823529411764707,0.2222222222222222
0.7412898443291328,0.7643490701001431,0.4285714285714286,0.5764705882352941,0.4074074074074074
0.27798369162342484,0.22826895565092986,0.7142857142857142,0.6588235294117646,0.0
0.5796886582653817,0.568412017167382,0.4155844155844155,0.4823529411764706,0.05555555555555555
0.35656041512231285,0.2795994277539342,0.4545454545454546,0.5176470588235293,0.24074074074074076
0.7272053372868792,0.7469527896995708,0.4285714285714286,0.5058823529411764,0.3148148148148148
0.4959229058561898,0.4822317596566523,0.7402597402597404,0.7176470588235293,0.2222222222222222
0.46404744255003716,0.44171673819742474,0.4415584415584415,0.27058823529411763,0.018518518518518517
0.5959970348406227,0.5914163090128756,0.49350649350649345,0.32941176470588235,0.2222222222222222
0.603409933283914,0.6013161659513592,0.5324675324675325,0.5411764705882354,0.2222222222222222
0.5626389918458118,0.5476394849785408,0.6233766233766234,0.1882352941176471,0.4074074074074074
0.189770200148258,0.1350500715307582,0.3246753246753247,0.39999999999999997,0.05555555555555555
0.27131208302446264,0.22008583690987116,0.6753246753246753,0.8352941176470587,0.2222222222222222
0.4833209785025946,0.46638054363376247,0.7272727272727273,0.4352941176470589,0.0
0.6790214974054856,0.6898426323319028,0.4155844155844155,0.7176470588235293,0.7962962962962963
0.6901408450704226,0.7024320457796852,0.4285714285714286,0.27058823529411763,0.46296296296296297
0.36249073387694586,0.3230901287553648,0.6103896103896103,0.6235294117647059,0.0
0.4240177909562639,0.39307582260371954,0.7142857142857142,0.6941176470588235,0.27777777777777773
0.4114158636026687,0.3796852646638055,0.7402597402597404,0.6352941176470588,0.0
0.3869532987398073,0.30580829756795413,0.35064935064935066,0.588235294117647,0.09259259259259259
0.44255003706449225,0.4176824034334764,0.7662337662337662,0.6588235294117646,0.0
0.3936249073387694,0.35879828326180263,0.37662337662337664,0.5176470588235293,0.0
0.6464047442550038,0.6541344778254649,0.4285714285714286,0.4941176470588235,0.537037037037037
0.507783543365456,0.49585121602288973,0.37662337662337664,0.5529411764705883,0.0
0.5048183839881394,0.4930472103004291,0.6363636363636365,0.4941176470588235,0.24074074074074076
0.6271312083024463,0.6307868383404863,0.4545454545454546,0.5764705882352941,0.37037037037037035
0.7108969607116384,0.7263519313304722,0.5714285714285714,0.6941176470588235,0.2037037037037037
0.6619718309859156,0.6711301859799713,0.49350649350649345,0.6235294117647059,0.4259259259259259
0.5455893254262417,0.5275536480686694,0.5714285714285714,0.39999999999999997,0.27777777777777773
0.36471460340993334,0.32629470672389127,0.4415584415584415,0.5647058823529412,0.0
0.39807264640474427,0.3634334763948498,0.6883116883116884,0.4705882352941177,0.0
0.4106745737583396,0.3786552217453505,0.6753246753246753,0.4235294117647059,0.05555555555555555
0.3884358784284655,0.3534191702432046,0.4285714285714286,0.8235294117647058,0.0
0.446256486286138,0.4212875536480686,0.8181818181818181,0.32941176470588235,0.14814814814814814
0.5492957746478874,0.5378540772532189,0.46753246753246747,0.5411764705882354,0.0
0.39955522609340255,0.3648640915593705,0.5714285714285714,0.7529411764705882,0.1111111111111111
0.7138621200889549,0.7308726752503575,0.2987012987012987,0.6235294117647059,0.6851851851851851
0.37879911045218684,0.3430615164520744,0.5324675324675325,0.7529411764705882,0.0
0.6174944403261675,0.6195708154506437,0.4155844155844155,0.5529411764705883,0.12962962962962962
0.6508524833209786,0.6592274678111588,0.22077922077922074,0.4470588235294118,0.2222222222222222
0.6263899184581172,0.6298712446351932,0.6623376623376622,0.5176470588235293,0.2037037037037037
0.5315048183839882,0.5197711015736767,0.7272727272727273,0.5176470588235293,0.2222222222222222
0.5804299481097109,0.5713304721030042,0.48051948051948057,0.4588235294117647,0.1111111111111111
0.40548554484803556,0.3737339055793991,0.48051948051948057,0.5411764705882354,0.1111111111111111
0.6123054114158637,0.6130472103004291,0.36363636363636354,0.38823529411764707,0.5185185185185186
0.6367679762787252,0.6421173104434906,0.5194805194805194,0.6000000000000001,0.2222222222222222
0.2794662713120831,0.22912732474964226,0.6103896103896103,0.5058823529411764,0.0
0.5292809488510007,0.5177682403433476,0.5584415584415583,0.7411764705882353,0.0
0.35507783543365457,0.3123319027181688,0.33766233766233755,0.39999999999999997,0.3148148148148148
0.47813194959229066,0.4448068669527897,0.4415584415584415,0.39999999999999997,0.6296296296296295
0.6011860637509268,0.5982260371959943,0.48051948051948057,0.5058823529411764,0.4259259259259259
0.4818383988139364,0.4490987124463519,0.4025974025974026,0.6470588235294117,0.5925925925925926
0.502594514455152,0.47959942775393416,0.6753246753246753,0.4823529411764706,0.4259259259259259
0.3610081541882877,0.3214878397711015,0.5194805194805194,0.5647058823529412,0.46296296296296297
0.46256486286137877,0.44085836909871245,0.5584415584415583,0.34117647058823525,0.05555555555555555
0.4810971089696071,0.44875536480686695,0.3246753246753247,0.6470588235294117,0.24074074074074076
0.5018532246108229,0.47845493562231756,0.5584415584415583,0.2117647058823529,0.3333333333333333
0.5085248332097851,0.4854363376251788,0.5844155844155845,0.7529411764705882,0.2037037037037037
0.2527798369162343,0.19896995708154508,0.2597402597402596,0.4823529411764706,0.0
0.731653076352854,0.7517596566523604,0.5844155844155845,0.31764705882352945,0.0
0.4603409933283914,0.4200858369098711,0.4025974025974026,0.4588235294117647,0.0
0.27650111193476656,0.22609442060085827,0.5844155844155845,0.5764705882352941,0.27777777777777773
0.40548554484803556,0.37281831187410586,0.4285714285714286,0.4941176470588235,0.24074074074074076
0.6871756856931062,0.6994563662374821,0.48051948051948057,0.5529411764705883,0.46296296296296297
0.6063750926612307,0.6052074391988554,0.37662337662337664,0.4823529411764706,0.0
0.3758339510748703,0.3392846924177396,0.6103896103896103,0.5764705882352941,0.18518518518518517
0.4766493699036324,0.45733905579399137,0.4285714285714286,0.6000000000000001,0.2962962962962963
0.7057079318013344,0.7209728183118741,0.33766233766233755,0.411764705882353,0.24074074074074076
0.3832468495181617,0.3477539341917024,0.49350649350649345,0.8,0.24074074074074076
0.41882876204596,0.3874105865522175,0.36363636363636354,0.6588235294117646,0.037037037037037035
0.2527798369162343,0.19896995708154508,0.5454545454545456,0.4941176470588235,0.0
0.6708673091178652,0.6812017167381975,0.4025974025974026,0.5058823529411764,0.05555555555555555
0.5151964418087472,0.5049499284692417,0.5324675324675325,0.7882352941176469,0.0
0.3832468495181617,0.34786838340486415,0.5194805194805194,0.5176470588235293,0.0
0.65826538176427,0.6672961373390557,0.4415584415584415,0.6588235294117646,0.0
0.36249073387694586,0.322632331902718,0.4285714285714286,0.4705882352941177,0.4074074074074074
0.39881393624907346,0.36463519313304715,0.4545454545454546,0.4235294117647059,0.0
0.28984432913269087,0.2426895565092989,0.5324675324675325,0.4588235294117647,0.0
0.41512231282431433,0.3819742489270386,0.4415584415584415,0.6705882352941175,0.0
0.686434395848777,0.6986552217453504,0.3896103896103895,0.5176470588235293,0.018518518518518517
0.6730911786508526,0.6838912732474965,0.5064935064935063,0.31764705882352945,0.3148148148148148
0.6226834692364716,0.6260944206008582,0.6883116883116884,0.5764705882352941,0.24074074074074076
0.7220163083765753,0.7408869814020028,0.4545454545454546,0.4941176470588235,0.14814814814814814
0.41215715344699777,0.379799713876967,0.5064935064935063,0.4941176470588235,0.2962962962962963
0.41289844329132686,0.3807725321888412,0.48051948051948057,0.6235294117647059,0.0
0.6834692364714604,0.6943061516452075,0.5194805194805194,0.5294117647058822,0.09259259259259259
0.5211267605633804,0.5107296137339056,0.7402597402597404,0.588235294117647,0.0
0.5678280207561156,0.5539914163090128,0.6623376623376622,0.7058823529411764,0.0
0.40770941438102304,0.3757367668097281,0.35064935064935066,0.5529411764705883,0.16666666666666666
0.4885100074128985,0.4726752503576538,0.3246753246753247,0.6352941176470588,0.0
0.6004447739065976,0.5967954220314736,0.6103896103896103,0.411764705882353,0.574074074074074
0.3876945885841364,0.35301859799713864,0.5584415584415583,0.7411764705882353,0.0
0.34988880652335064,0.30798283261802584,0.8311688311688312,0.8117647058823529,0.14814814814814814
0.5715344699777614,0.5591988555078683,0.36363636363636354,0.4235294117647059,0.27777777777777773
0.34247590808005934,0.3000858369098711,0.5064935064935063,0.6823529411764706,0.07407407407407407
0.8206078576723499,0.861173104434907,0.5714285714285714,0.4705882352941177,0.6111111111111112
0.424759080800593,0.39462088698140196,0.5974025974025972,0.4823529411764706,0.0
0.7242401779095627,0.7446065808297567,0.5714285714285714,0.5176470588235293,0.5555555555555556
0.5937731653076355,0.5887267525035763,0.6103896103896103,0.32941176470588235,0.2222222222222222
0.3372868791697554,0.2942489270386266,0.5844155844155845,0.611764705882353,0.3518518518518518
0.37212750185322463,0.33522174535050064,0.6233766233766234,0.4235294117647059,0.46296296296296297
0.7212750185322462,0.7397424892703862,0.4415584415584415,0.4823529411764706,0.4074074074074074
0.3795404002965159,0.34357653791130194,0.5584415584415583,0.8470588235294116,0.0
0.49444032616753164,0.4662088698140199,0.5584415584415583,0.39999999999999997,0.0
0.6538176426982951,0.6632331902718168,0.4025974025974026,0.5764705882352941,0.37037037037037035
0.6612305411415865,0.6700429184549356,0.35064935064935066,0.411764705882353,0.18518518518518517
0.33506300963676805,0.2929899856938484,0.5454545454545456,0.6470588235294117,0.0
0.6226834692364716,0.6258082975679543,0.36363636363636354,0.5058823529411764,0.14814814814814814
0.35507783543365457,0.3127324749642345,0.6623376623376622,0.7647058823529411,0.0
0.4455151964418088,0.4210014306151646,0.5584415584415583,0.7647058823529411,0.05555555555555555
0.3965900667160861,0.3609728183118741,0.5584415584415583,0.611764705882353,0.18518518518518517
0.3691623424759082,0.33104434907010016,0.37662337662337664,0.6352941176470588,0.16666666666666666
0.4262416604892514,0.3970243204577968,0.46753246753246747,0.5176470588235293,0.0
0.346182357301705,0.3043204577968526,0.48051948051948057,0.4352941176470589,0.0
0.2727946627131208,0.2214592274678111,0.49350649350649345,0.7294117647058822,0.0
0.6849518161601187,0.695793991416309,0.7142857142857142,0.4470588235294118,0.2962962962962963
0.346182357301705,0.3042632331902718,0.5324675324675325,0.4588235294117647,0.1111111111111111
0.7531504818383988,0.7771101573676681,0.23376623376623362,0.37647058823529417,0.16666666666666666
0.6530763528539659,0.6626037195994278,0.4545454545454546,0.4705882352941177,0.5185185185185186
0.49962935507783546,0.47433476394849783,0.19480519480519476,0.28235294117647064,0.4259259259259259
0.6389918458117124,0.6444635193133047,0.37662337662337664,0.39999999999999997,0.16666666666666666
0.4321719792438843,0.40383404864091565,0.5974025974025972,0.9058823529411764,0.16666666666666666
0.6545589325426242,0.66414878397711,0.16883116883116878,0.32941176470588235,0.4444444444444444
0.3157894736842105,0.27175965665236046,0.6753246753246753,0.6470588235294117,0.14814814814814814
0.4670126019273536,0.4461230329041488,0.5064935064935063,0.6000000000000001,0.2037037037037037
0.6145292809488511,0.6164806866952789,0.2857142857142856,0.39999999999999997,0.3888888888888889
0.6063750926612307,0.6051502145922746,0.2597402597402596,0.4941176470588235,0.07407407407407407
0.6553002223869534,0.6647210300429184,0.2597402597402596,0.24705882352941183,0.2222222222222222
0.47071905114899937,0.4508154506437767,0.5454545454545456,0.588235294117647,0.0
0.49444032616753164,0.47902718168812586,0.48051948051948057,0.8235294117647058,0.018518518518518517
0.4010378057820607,0.3438626609442059,0.2857142857142856,0.4705882352941177,0.2962962962962963
0.5952557449962936,0.5906723891273246,0.46753246753246747,0.30588235294117644,0.18518518518518517
0.48702742772424024,0.4706151645207439,0.5844155844155845,0.4352941176470589,0.3148148148148148
0.49147516679021497,0.47559370529327605,0.7012987012987011,0.6941176470588235,0.0
0.4825796886582655,0.4652932761087267,0.5064935064935063,0.8117647058823529,0.05555555555555555
0.5381764269829504,0.5261230329041487,0.6103896103896103,0.8352941176470587,0.0
0.7034840622683469,0.7170815450643776,0.6363636363636365,0.4823529411764706,0.46296296296296297
0.680504077094144,0.6915593705293276,0.18181818181818166,0.5176470588235293,0.2962962962962963
0.5107487027427725,0.48898426323319033,0.2597402597402596,0.4941176470588235,0.3333333333333333
0.6352853965900668,0.640343347639485,0.4415584415584415,0.5176470588235293,0.4074074074074074
0.5856189770200149,0.5791702432045779,0.6623376623376622,0.4823529411764706,0.6481481481481481
0.3602668643439585,0.3204005722460658,0.4025974025974026,0.5294117647058822,0.05555555555555555
0.4988880652335064,0.48532188841201707,0.6493506493506491,0.776470588235294,0.0
0.6760563380281691,0.6865236051502145,0.6103896103896103,0.4470588235294118,0.2037037037037037
0.5441067457375836,0.5328755364806866,0.5454545454545456,0.4705882352941177,0.0
0.3876945885841364,0.3521030042918454,0.5974025974025972,0.6000000000000001,0.05555555555555555
0.5826538176426984,0.5751645207439199,0.2857142857142856,0.611764705882353,0.24074074074074076
0.6226834692364716,0.625865522174535,0.49350649350649345,0.4588235294117647,0.3333333333333333
0.2357301704966642,0.18060085836909867,0.5714285714285714,0.776470588235294,0.0
0.4047442550037065,0.3725894134477825,0.6623376623376622,0.588235294117647,0.0
0.5737583395107487,0.5614306151645206,0.5844155844155845,0.8,0.49999999999999994
0.7753891771682729,0.8062374821173105,0.7142857142857142,0.4588235294117647,0.3148148148148148
0.323943661971831,0.28040057224606574,0.5844155844155845,0.6470588235294117,0.0
0.7272053372868792,0.747525035765379,0.19480519480519476,0.39999999999999997,0.1111111111111111
0.7531504818383988,0.777453505007153,0.2727272727272727,0.5058823529411764,0.37037037037037035
0.3232023721275019,0.27965665236051496,0.5194805194805194,0.6588235294117646,0.14814814814814814
0.5144551519644182,0.5036337625178827,0.33766233766233755,0.7411764705882353,0.0
0.659006671608599,0.6677539341917024,0.31168831168831157,0.4588235294117647,0.3333333333333333
0.5166790214974055,0.5067238912732476,0.49350649350649345,0.5411764705882354,0.0
0.5151964418087472,0.49327610872675254,0.2987012987012987,0.5058823529411764,0.4074074074074074
0.6760563380281691,0.6866380543633762,0.5714285714285714,0.5529411764705883,0.5925925925925926
0.352112676056338,0.30998569384835484,0.5194805194805194,0.7176470588235293,0.0
0.5826538176426984,0.5753934191702431,0.4415584415584415,0.38823529411764707,0.537037037037037
0.368421052631579,0.33075822603719596,0.6363636363636365,0.6588235294117646,0.25925925925925924
0.6019273535952558,0.5999427753934191,0.5064935064935063,0.4235294117647059,0.16666666666666666
0.586360266864344,0.5800286123032904,0.5974025974025972,0.23529411764705882,0.46296296296296297
0.5945144551519645,0.590271816881259,0.35064935064935066,0.32941176470588235,0.1111111111111111
0.5218680504077094,0.501859799713877,0.3896103896103895,0.588235294117647,0.3148148148148148
0.647887323943662,0.6560801144492131,0.24675324675324672,0.4470588235294118,0.2962962962962963
0.178650852483321,0.12068669527896991,0.7272727272727273,0.5176470588235293,0.3888888888888889
0.49962935507783546,0.48709585121602283,0.36363636363636354,0.6000000000000001,0.0
0.46553002223869544,0.44429184549356227,0.4545454545454546,0.5411764705882354,0.07407407407407407
0.4232765011119348,0.39233190271816876,0.6753246753246753,0.4823529411764706,0.07407407407407407
0.4818383988139364,0.46409155937052937,0.6623376623376622,0.7176470588235293,0.0
0.5322461082283174,0.5201144492131616,0.5454545454545456,0.7176470588235293,0.018518518518518517
0.5329873980726465,0.5133047210300429,0.46753246753246747,0.411764705882353,0.574074074074074
0.45737583395107495,0.41745350500715306,0.36363636363636354,0.5764705882352941,0.2037037037037037
0.5567086730911788,0.5460944206008583,0.5194805194805194,0.7294117647058822,0.018518518518518517
0.30615270570793185,0.2631187410586552,0.6103896103896103,0.4941176470588235,0.07407407407407407
0.39955522609340255,0.3655507868383404,0.3246753246753247,0.4588235294117647,0.0
0.5730170496664196,0.5610872675250357,0.31168831168831157,0.4705882352941177,0.05555555555555555
0.7079318013343218,0.7238912732474964,0.5584415584415583,0.4235294117647059,0.0
0.36323202372127505,0.32331902718168803,0.5194805194805194,0.7294117647058822,0.25925925925925924
0.7242401779095627,0.7441487839771103,0.5064935064935063,0.6235294117647059,0.2037037037037037
0.4603409933283914,0.43885550786838334,0.33766233766233755,0.6000000000000001,0.14814814814814814
0.42846553002223875,0.39931330472103,0.35064935064935066,0.6352941176470588,0.0
0.7790956263899186,0.8106437768240343,0.31168831168831157,0.5294117647058822,0.4444444444444444
0.5174203113417346,0.49682403433476396,0.7012987012987011,0.4235294117647059,0.6296296296296295
0.41438102297998525,0.38140200286123027,0.4155844155844155,0.4235294117647059,0.05555555555555555
0.70941438102298,0.7252646638054362,0.46753246753246747,0.411764705882353,0.12962962962962962
0.6241660489251298,0.6283261802575107,0.48051948051948057,0.4352941176470589,0.2037037037037037
0.6226834692364716,0.6267238912732475,0.5844155844155845,0.4588235294117647,0.18518518518518517
0.33432171979243885,0.2922460658082976,0.49350649350649345,0.6000000000000001,0.0
0.5263157894736843,0.5142203147353362,0.7662337662337662,0.588235294117647,0.037037037037037035
0.5040770941438103,0.4900143061516451,0.7142857142857142,0.7647058823529411,0.4259259259259259
0.5937731653076355,0.584206008583691,0.4545454545454546,0.7411764705882353,0.46296296296296297
0.7234988880652337,0.7428898426323319,0.5844155844155845,0.4823529411764706,0.49999999999999994
0.39288361749444034,0.35822603719599433,0.2727272727272727,0.4941176470588235,0.0
0.36249073387694586,0.32331902718168803,0.49350649350649345,0.6588235294117646,0.4444444444444444
0.5678280207561156,0.5538197424892702,0.46753246753246747,0.6352941176470588,0.27777777777777773
0.6945885841363975,0.7071244635193134,0.5454545454545456,0.37647058823529417,0.07407407407407407
0.6730911786508526,0.6834334763948496,0.49350649350649345,0.30588235294117644,0.24074074074074076
0.45589325426241656,0.43341917024320453,0.6753246753246753,0.588235294117647,0.037037037037037035
0.4306893995552261,0.40223175965665237,0.6623376623376622,0.5764705882352941,0.018518518518518517
0.40548554484803556,0.3735622317596565,0.6623376623376622,0.28235294117647064,0.018518518518518517
0.47887323943661975,0.4603147353361945,0.4545454545454546,0.6705882352941175,0.2962962962962963
0.8080059303187548,0.8471530758226037,0.5324675324675325,0.411764705882353,0.0
0.7286879169755375,0.7494706723891272,0.6883116883116884,0.37647058823529417,0.46296296296296297
0.36249073387694586,0.32314735336194556,0.5974025974025972,0.5764705882352941,0.0
0.6686434395848778,0.6784549356223176,0.36363636363636354,0.4705882352941177,0.0
0.5618977020014826,0.5467811158798283,0.3896103896103895,0.411764705882353,0.25925925925925924
0.5433654558932542,0.525035765379113,0.37662337662337664,0.2117647058823529,0.05555555555555555
0.6189770200148259,0.622145922746781,0.2987012987012987,0.35294117647058826,0.16666666666666666
0.4988880652335064,0.48446351931330456,0.4025974025974026,0.7411764705882353,0.07407407407407407
0.36397331356560414,0.32543633762517876,0.4155844155844155,0.588235294117647,0.0
0.613787991104522,0.6153934191702431,0.2597402597402596,0.32941176470588235,0.2037037037037037
0.3113417346182358,0.2682689556509298,0.5974025974025972,0.7529411764705882,0.09259259259259259
0.7116382505559675,0.7281258941344778,0.4285714285714286,0.37647058823529417,0.2222222222222222
0.32765011119347665,0.28280400572246067,0.48051948051948057,0.6941176470588235,0.14814814814814814
0.41512231282431433,0.38288984263233183,0.5194805194805194,0.7176470588235293,0.0
0.3669384729429207,0.3291559370529328,0.37662337662337664,0.611764705882353,0.0
0.38547071905114905,0.35113018597997137,0.7012987012987011,0.5176470588235293,0.0
0.34099332839140106,0.2988268955650929,0.753246753246753,0.6470588235294117,0.24074074074074076
0.7939214232765013,0.8292989985693849,0.5844155844155845,0.4235294117647059,0.2222222222222222
0.5596738324684952,0.5452360515021458,0.5194805194805194,0.4823529411764706,0.6666666666666667
0.8450704225352113,0.8917310443490701,0.5194805194805194,0.37647058823529417,0.16666666666666666
0.6634544106745739,0.6733619456366237,0.3896103896103895,0.36470588235294116,0.14814814814814814
0.3439584877687176,0.30117310443490686,0.5714285714285714,0.6235294117647059,0.018518518518518517
0.5841363973313566,0.5773962804005722,0.5714285714285714,0.5294117647058822,0.46296296296296297
0.5181616011860638,0.4980829756795422,0.37662337662337664,0.39999999999999997,0.0
0.5826538176426984,0.5755078683834048,0.4155844155844155,0.4941176470588235,0.16666666666666666
0.6189770200148259,0.6058941344778254,0.4025974025974026,0.6352941176470588,0.12962962962962962
0.41957005189028906,0.3882689556509299,0.6103896103896103,0.611764705882353,0.16666666666666666
0.30615270570793185,0.2630615164520743,0.37662337662337664,0.5294117647058822,0.0
0.6775389177168274,0.6887553648068668,0.5714285714285714,0.4470588235294118,0.16666666666666666
0.7331356560415123,0.7542775393419169,0.5064935064935063,0.30588235294117644,0.16666666666666666
0.3387694588584137,0.2966523605150214,0.49350649350649345,0.6588235294117646,0.09259259259259259
0.424759080800593,0.3661802575107296,0.4155844155844155,0.31764705882352945,0.14814814814814814
0.681245366938473,0.692474964234621,0.49350649350649345,0.31764705882352945,0.3518518518518518
0.35730170496664204,0.3159370529327611,0.5064935064935063,0.5294117647058822,0.037037037037037035
0.45589325426241656,0.41430615164520734,0.3896103896103895,0.5647058823529412,0.37037037037037035
0.536693847294292,0.5193705293276109,0.37662337662337664,0.5294117647058822,0.25925925925925924
0.5959970348406227,0.5914163090128756,0.4155844155844155,0.588235294117647,0.25925925925925924
0.7583395107487028,0.7837482117310443,0.5194805194805194,0.5411764705882354,0.2222222222222222
0.3172720533728688,0.2734191702432045,0.6883116883116884,0.7058823529411764,0.0
0.641957005189029,0.647381974248927,0.23376623376623362,0.411764705882353,0.48148148148148145
0.5233506300963677,0.5030615164520743,0.35064935064935066,0.4352941176470589,0.18518518518518517
0.5337286879169756,0.5227467811158798,0.5194805194805194,0.6823529411764706,0.0
0.6493699036323204,0.6579685264663805,0.5844155844155845,0.4235294117647059,0.2962962962962963
0.5900667160859897,0.584206008583691,0.5454545454545456,0.34117647058823525,0.4259259259259259
0.7442550037064494,0.768068669527897,0.3246753246753247,0.6352941176470588,0.3148148148148148
0.4455151964418088,0.42077253218884114,0.5324675324675325,0.6588235294117646,0.018518518518518517
0.6011860637509268,0.5926752503576539,0.22077922077922074,0.5529411764705883,0.07407407407407407
0.5233506300963677,0.5022031473533619,0.16883116883116878,0.5647058823529412,0.16666666666666666
0.6449221645663455,0.650701001430615,0.48051948051948057,0.25882352941176473,0.14814814814814814
0.48554484803558196,0.4683261802575106,0.5324675324675325,0.6235294117647059,0.3333333333333333
0.4336545589325427,0.4052074391988554,0.3246753246753247,0.7529411764705882,0.09259259259259259
0.4343958487768719,0.4061802575107296,0.7662337662337662,0.6352941176470588,0.18518518518518517
0.39214232765011126,0.3578254649499284,0.7272727272727273,0.776470588235294,0.0
0.5448480355819126,0.5329899856938484,0.49350649350649345,0.6000000000000001,0.0
0.5885841363973314,0.5831187410586552,0.4285714285714286,0.4823529411764706,0.05555555555555555
0.5537435137138622,0.5383118741058656,0.3246753246753247,0.38823529411764707,0.09259259259259259
0.44329132690882134,0.4186552217453504,0.5714285714285714,0.5529411764705883,0.0
0.4892512972572277,0.4738197424892704,0.36363636363636354,0.6941176470588235,0.2222222222222222
0.2727946627131208,0.22163090128755358,0.2857142857142856,0.611764705882353,0.0
0.7057079318013344,0.7204005722460659,0.4545454545454546,0.4235294117647059,0.46296296296296297
0.5144551519644182,0.5043776824034335,0.5194805194805194,0.4941176470588235,0.0
0.4603409933283914,0.4381688125894134,0.5584415584415583,0.588235294117647,0.0
0.647887323943662,0.6552789699570815,0.7012987012987011,0.6705882352941175,0.018518518518518517
0.6893995552260935,0.7019170243204577,0.805194805194805,0.4352941176470589,0.5925925925925926
0.6923647146034101,0.7046065808297567,0.2727272727272727,0.36470588235294116,0.37037037037037035
0.8406226834692367,0.8827467811158799,0.36363636363636354,0.588235294117647,0.46296296296296297
0.5871015567086733,0.5806008583690986,0.23376623376623362,0.7647058823529411,0.2962962962962963
0.6182357301704968,0.6196852646638055,0.5064935064935063,0.34117647058823525,0.1111111111111111
0.6975537435137139,0.7100429184549356,0.36363636363636354,0.23529411764705882,0.25925925925925924
0.3543365455893255,0.311931330472103,0.5454545454545456,0.5294117647058822,0.0
0.452186805040771,0.4047496423462089,0.4025974025974026,0.4352941176470589,0.037037037037037035
0.36990363232023726,0.3320171673819742,0.5584415584415583,0.6705882352941175,0.2037037037037037
0.3291326908821349,0.28452074391988547,0.5324675324675325,0.7058823529411764,0.1111111111111111
0.4477390659747962,0.42277539341917014,0.46753246753246747,0.7058823529411764,0.018518518518518517
0.4114158636026687,0.3789413447782546,0.6103896103896103,0.4941176470588235,0.2037037037037037
0.6108228317272054,0.6103004291845492,0.36363636363636354,0.5294117647058822,0.14814814814814814
0.6597479614529281,0.6688412017167381,0.4545454545454546,0.411764705882353,0.14814814814814814
0.5248332097850259,0.5051788268955649,0.3896103896103895,0.4588235294117647,0.574074074074074
0.25648628613787994,0.2028040057224606,0.5194805194805194,0.611764705882353,0.27777777777777773
0.32023721275018535,0.275307582260372,0.31168831168831157,0.7647058823529411,0.0
0.37731653076352867,0.3402002861230329,0.5714285714285714,0.6705882352941175,0.0
0.34988880652335064,0.3077539341917024,0.5064935064935063,0.4235294117647059,0.12962962962962962
0.7664936990363234,0.7939914163090128,0.4545454545454546,0.4588235294117647,0.3518518518518518
0.8057820607857673,0.8438340486409156,0.6103896103896103,0.4941176470588235,0.09259259259259259
0.67531504818384,0.686409155937053,0.1298701298701299,0.6588235294117646,0.27777777777777773
0.4329132690882136,0.40469241773962794,0.37662337662337664,0.776470588235294,0.09259259259259259
0.24166048925129727,0.18964234620886977,0.3896103896103895,0.8,0.1111111111111111
0.5522609340252039,0.5424320457796853,0.5324675324675325,0.5529411764705883,0.12962962962962962
0.730911786508525,0.7514163090128755,0.48051948051948057,0.39999999999999997,0.4074074074074074
0.40177909562639,0.3674391988555078,0.5584415584415583,0.4823529411764706,0.1111111111111111
0.5782060785767236,0.5681258941344777,0.31168831168831157,0.1764705882352941,0.3148148148148148
0.7731653076352856,0.8043490701001429,0.4155844155844155,0.611764705882353,0.24074074074074076
0.6108228317272054,0.6110443490701,0.5714285714285714,0.1882352941176471,0.2962962962962963
0.6649369903632321,0.675250357653791,0.5584415584415583,0.7058823529411764,0.018518518518518517
0.46553002223869544,0.4268383404864091,0.4545454545454546,0.4588235294117647,0.3333333333333333
0.518902891030393,0.49854077253218876,0.753246753246753,0.31764705882352945,0.27777777777777773
0.5337286879169756,0.5214878397711015,0.48051948051948057,0.5294117647058822,0.0
0.6797627872498149,0.6907010014306151,0.5454545454545456,0.6588235294117646,0.09259259259259259
0.664195700518903,0.6750214592274678,0.5324675324675325,0.34117647058823525,0.5925925925925926
0.5641215715344701,0.5491273247496423,0.5064935064935063,0.588235294117647,0.48148148148148145
0.3869532987398073,0.3520457796852646,0.5454545454545456,0.6235294117647059,0.0
0.5300222386953299,0.5095278969957081,0.6493506493506491,0.5176470588235293,0.25925925925925924
0.5559673832468497,0.5411158798283261,0.6363636363636365,0.39999999999999997,0.3148148148148148
0.2750185322461083,0.22386266094420593,0.5194805194805194,0.7294117647058822,0.0
0.7138621200889549,0.7309298998569386,0.49350649350649345,0.31764705882352945,0.25925925925925924
0.42105263157894746,0.39004291845493555,0.5454545454545456,0.611764705882353,0.07407407407407407
0.36471460340993334,0.32675250357653796,0.49350649350649345,0.5411764705882354,0.18518518518518517
0.6723498888065234,0.6823462088698139,0.37662337662337664,0.6000000000000001,0.48148148148148145
0.31208302446256486,0.26861230329041474,0.5064935064935063,0.6588235294117646,0.1111111111111111
0.7138621200889549,0.7311015736766809,0.49350649350649345,0.36470588235294116,0.6481481481481481
0.641957005189029,0.6471530758226037,0.5194805194805194,0.34117647058823525,0.037037037037037035
0.5811712379540401,0.5721316165951359,0.5974025974025972,0.5647058823529412,0.18518518518518517
0.22979985174203113,0.17361945636623743,0.6363636363636365,0.611764705882353,0.0
0.5389177168272795,0.5216022889842632,0.5064935064935063,0.32941176470588235,0.48148148148148145
0.6745737583395108,0.6851502145922747,0.5194805194805194,0.4823529411764706,0.4259259259259259
0.5715344699777614,0.55931330472103,0.35064935064935066,0.4941176470588235,0.18518518518518517
0.23424759080800597,0.1779685264663805,0.7662337662337662,0.6352941176470588,0.1111111111111111
0.6508524833209786,0.659456366237482,0.6233766233766234,0.5411764705882354,0.4259259259259259
0.37805782060785775,0.3414592274678112,0.48051948051948057,0.4705882352941177,0.09259259259259259
0.39807264640474427,0.3625751072961373,0.37662337662337664,0.6000000000000001,0.09259259259259259
0.29058561897702007,0.24383404864091562,0.48051948051948057,0.5411764705882354,0.0
0.6278724981467755,0.631587982832618,0.5194805194805194,0.1647058823529412,0.537037037037037
0.3728687916975538,0.3359084406294707,0.5584415584415583,0.5294117647058822,0.25925925925925924
0.4981467753891772,0.47256080114449206,0.5064935064935063,0.34117647058823525,0.1111111111111111
0.8250555967383248,0.8695851216022888,0.37662337662337664,0.4470588235294118,0.3518518518518518
0.51297257227576,0.5006580829756795,0.49350649350649345,0.5176470588235293,0.018518518518518517
0.41215715344699777,0.3802575107296138,0.6753246753246753,0.6235294117647059,0.0
0.5255744996293552,0.513991416309013,0.5714285714285714,0.411764705882353,0.0
0.26982950333580435,0.21814020028612302,0.6753246753246753,0.6705882352941175,0.2037037037037037
0.597479614529281,0.5938769670958511,0.35064935064935066,0.4470588235294118,0.2962962962962963
0.5841363973313566,0.5769957081545064,0.3896103896103895,0.29411764705882354,0.09259259259259259
0.725722757598221,0.7456938483547925,0.31168831168831157,0.4705882352941177,0.27777777777777773
0.7902149740548554,0.8245493562231759,0.2987012987012987,0.38823529411764707,0.0
0.4232765011119348,0.3628612303290414,0.6103896103896103,0.36470588235294116,0.4074074074074074
0.3372868791697554,0.2944206008583691,0.3896103896103895,0.5411764705882354,0.2962962962962963
0.6456634544106746,0.6522460658082975,0.5194805194805194,0.4352941176470589,0.4074074074074074
0.6515937731653078,0.6604864091559371,0.3896103896103895,0.4941176470588235,0.18518518518518517
0.30689399555226093,0.26460658082975674,0.5194805194805194,0.5294117647058822,0.0
0.3691623424759082,0.3309871244635192,0.5194805194805194,0.7058823529411764,0.2037037037037037
0.14455151964418092,0.09556509298998561,0.46753246753246747,0.5647058823529412,0.0
0.6367679762787252,0.6418884120171674,0.753246753246753,0.4352941176470589,0.0
0.6426982950333582,0.6486409155937053,0.36363636363636354,0.4705882352941177,0.25925925925925924
0.6071163825055598,0.6058369098712445,0.49350649350649345,0.4823529411764706,0.3148148148148148
0.5833951074870275,0.5768240343347638,0.5584415584415583,0.36470588235294116,0.4074074074074074
0.20533728687916983,0.15393419170243194,0.5324675324675325,0.4352941176470589,0.037037037037037035
0.31949592290585616,0.2746781115879827,0.4025974025974026,0.611764705882353,0.2037037037037037
0.6160118606375093,0.6179685264663805,0.46753246753246747,0.4941176470588235,0.3888888888888889
0.6953298739807265,0.7078683834048641,0.31168831168831157,0.38823529411764707,0.037037037037037035
0.6360266864343959,0.6411444921316166,0.5194805194805194,0.36470588235294116,0.25925925925925924
0.251297257227576,0.19885550786838335,0.5844155844155845,0.6705882352941175,0.1111111111111111
0.49962935507783546,0.48566523605150214,0.3896103896103895,0.6235294117647059,0.4444444444444444
0.5848776871756858,0.5779685264663804,0.46753246753246747,0.5058823529411764,0.4259259259259259
0.3113417346182358,0.26758226037196,0.6623376623376622,0.5411764705882354,0.0
0.49962935507783546,0.4858369098712446,0.6103896103896103,0.6235294117647059,0.3148148148148148
0.5196441808747221,0.4993419170243205,0.5324675324675325,0.4941176470588235,0.46296296296296297
0.7872498146775391,0.8222031473533619,0.5454545454545456,0.7294117647058822,0.27777777777777773
0.5048183839881394,0.481659513590844,0.6363636363636365,0.22352941176470592,0.16666666666666666
0.5774647887323945,0.5656652360515021,0.5324675324675325,0.4588235294117647,0.2037037037037037
0.6893995552260935,0.7013447782546495,0.4545454545454546,0.611764705882353,0.16666666666666666
0.613787991104522,0.6025751072961373,0.5324675324675325,0.5529411764705883,0.09259259259259259
0.6004447739065976,0.596967095851216,0.7272727272727273,0.4235294117647059,0.2222222222222222
0.3876945885841364,0.3525035765379113,0.5324675324675325,0.6705882352941175,0.2037037037037037
0.47071905114899937,0.4337625178826895,0.4545454545454546,0.5529411764705883,0.2222222222222222
0.5092661230541142,0.4878397711015736,0.48051948051948057,0.5294117647058822,0.0
0.43661971830985913,0.40927038626609435,0.6233766233766234,0.7529411764705882,0.27777777777777773
0.46553002223869544,0.44446351931330474,0.4025974025974026,0.5764705882352941,0.24074074074074076
0.29873980726464056,0.2551645207439198,0.5454545454545456,0.7176470588235293,0.2037037037037037
0.518902891030393,0.4983690987124463,0.6103896103896103,0.4705882352941177,0.2222222222222222
0.2075611564121572,0.15467811158798284,0.6883116883116884,0.7411764705882353,0.5185185185185186
0.3973313565604152,0.3618311874105866,0.6753246753246753,0.5411764705882354,0.0
0.6115641215715346,0.6020600858369097,0.5584415584415583,0.6470588235294117,0.2037037037037037
0.8109710896960713,0.8510443490701,0.46753246753246747,0.30588235294117644,0.27777777777777773
0.39140103780578206,0.3565092989985693,0.4545454545454546,0.7058823529411764,0.037037037037037035
0.40622683469236476,0.3741917024320458,0.7272727272727273,0.5176470588235293,0.0
0.34988880652335064,0.3083261802575106,0.5454545454545456,0.5176470588235293,0.0
0.44329132690882134,0.41888412017167387,0.5844155844155845,0.611764705882353,0.0
0.6182357301704968,0.6050357653791131,0.5844155844155845,0.6941176470588235,0.0
0.5137138621200891,0.5016881258941345,0.37662337662337664,0.6352941176470588,0.0
0.5878428465530023,0.581516452074392,0.4285714285714286,0.4470588235294118,0.0
0.37731653076352867,0.3411731044349069,0.6623376623376622,0.5647058823529412,0.18518518518518517
0.708673091178651,0.7249213161659512,0.46753246753246747,0.4470588235294118,0.4259259259259259
0.6063750926612307,0.6048640915593705,0.5844155844155845,0.23529411764705882,0.0
0.7012601927353597,0.7141630901287553,0.5194805194805194,0.611764705882353,0.3148148148148148
0.5656041512231283,0.5533619456366238,0.7402597402597404,0.4235294117647059,0.0
0.496664195700519,0.4822889842632331,0.5714285714285714,0.7058823529411764,0.0
0.35656041512231285,0.31530758226037203,0.5714285714285714,0.6470588235294117,0.18518518518518517
0.5959970348406227,0.5919885550786838,0.46753246753246747,0.411764705882353,0.25925925925925924
0.603409933283914,0.6010300429184549,0.6623376623376622,0.36470588235294116,0.24074074074074076
0.5263157894736843,0.50620886981402,0.4545454545454546,0.4941176470588235,0.1111111111111111
0.31430689399555234,0.27050071530758224,0.5064935064935063,0.611764705882353,0.16666666666666666
0.6441808747220165,0.649728183118741,0.4415584415584415,0.4470588235294118,0.1111111111111111
0.4114158636026687,0.37974248927038623,0.753246753246753,0.8,0.27777777777777773
0.3891771682727948,0.3541058655221744,0.805194805194805,0.588235294117647,0.0
0.43587842846553004,0.4084692417739627,0.46753246753246747,0.5411764705882354,0.1111111111111111
0.4825796886582655,0.4653505007153076,0.6103896103896103,0.5411764705882354,0.0
0.3899184581171239,0.35502145922746786,0.31168831168831157,0.611764705882353,0.2222222222222222
0.45589325426241656,0.4122460658082976,0.37662337662337664,0.4705882352941177,0.3333333333333333
0.5997034840622685,0.5963948497854076,0.5844155844155845,0.5411764705882354,0.48148148148148145
0.41363973313565605,0.3812303290414878,0.6623376623376622,0.5529411764705883,0.0
0.3528539659006672,0.31084406294706723,0.3896103896103895,0.6588235294117646,0.0
0.4032616753150482,0.37070100143061513,0.5324675324675325,0.4823529411764706,0.0
0.47220163083765754,0.4525321888412017,0.7922077922077924,0.7647058823529411,0.3333333333333333
0.47961452928094883,0.46123032904148786,0.4415584415584415,0.4823529411764706,0.0
0.5226093402520386,0.5020886981402003,0.5844155844155845,0.5176470588235293,0.07407407407407407
0.3825055596738325,0.3473533619456366,0.46753246753246747,0.6705882352941175,0.037037037037037035
0.23721275018532248,0.18391988555078687,0.4545454545454546,0.5529411764705883,0.0
0.267605633802817,0.21339055793991413,0.5714285714285714,0.4823529411764706,0.0
0.46553002223869544,0.44383404864091547,0.4155844155844155,0.5764705882352941,0.0
0.4618235730170497,0.44011444921316156,0.5324675324675325,0.7058823529411764,0.0
0.3973313565604152,0.3617167381974249,0.6363636363636365,0.8470588235294116,0.25925925925925924
0.6182357301704968,0.6199141630901287,0.49350649350649345,0.4470588235294118,0.3888888888888889
0.7101556708673091,0.7254935622317596,0.36363636363636354,0.5176470588235293,0.25925925925925924
0.4810971089696071,0.44846924177396275,0.5194805194805194,0.2117647058823529,0.16666666666666666
0.3661971830985916,0.32772532188841197,0.7272727272727273,0.8,0.0
0.6449221645663455,0.6507582260371959,0.5844155844155845,0.4235294117647059,0.3888888888888889
0.346182357301705,0.3042632331902718,0.5454545454545456,0.5294117647058822,0.25925925925925924
0.40696812453669384,0.37510729613733906,0.6233766233766234,0.6000000000000001,0.0
0.8650852483320981,0.9037482117310444,0.4025974025974026,0.32941176470588235,0.2037037037037037
0.3454410674573759,0.3031187410586551,0.4545454545454546,0.7058823529411764,0.07407407407407407
0.44106745737583397,0.41613733905579386,0.5844155844155845,0.6705882352941175,0.0
0.5878428465530023,0.5770529327610873,0.5974025974025972,0.588235294117647,0.0
0.35063009636767983,0.3088412017167381,0.49350649350649345,0.5294117647058822,0.0
0.41586360266864353,0.38340486409155927,0.36363636363636354,0.7176470588235293,0.24074074074074076
0.29799851742031136,0.2539055793991416,0.49350649350649345,0.7411764705882353,0.0
0.26982950333580435,0.21854077253218884,0.2857142857142856,0.5764705882352941,0.2962962962962963
0.4091919940696813,0.377796852646638,0.4545454545454546,0.6352941176470588,0.12962962962962962
0.5670867309117865,0.5533047210300429,0.5844155844155845,0.6235294117647059,0.0
0.34173461823573026,0.29922746781115883,0.4155844155844155,0.6235294117647059,0.05555555555555555
0.6775389177168274,0.6882975679542201,0.4285714285714286,0.5529411764705883,0.4074074074074074
0.7561156412157155,0.7824320457796853,0.4025974025974026,0.5411764705882354,0.0
0.4662713120830245,0.4272961373390558,0.46753246753246747,0.38823529411764707,0.0
0.6389918458117124,0.6441773962804006,0.5974025974025972,0.4941176470588235,0.27777777777777773
0.6063750926612307,0.6052074391988554,0.7012987012987011,0.32941176470588235,0.49999999999999994
0.47146034099332845,0.43599427753934183,0.5194805194805194,0.5294117647058822,0.0
0.6145292809488511,0.6160228898426322,0.36363636363636354,0.5176470588235293,0.0
0.5389177168272795,0.5218311874105864,0.5194805194805194,0.2117647058823529,0.37037037037037035
0.3106004447739067,0.26672389127324747,0.5064935064935063,0.5176470588235293,0.018518518518518517
0.2950333580429949,0.2513304721030043,0.5974025974025972,0.6941176470588235,0.0
0.3758339510748703,0.33882689556509293,0.5454545454545456,0.6000000000000001,0.0
0.5374351371386213,0.5199999999999999,0.5584415584415583,0.38823529411764707,0.037037037037037035
0.39214232765011126,0.3575393419170243,0.5194805194805194,0.5647058823529412,0.0
0.5663454410674574,0.5519313304721031,0.5064935064935063,0.5764705882352941,0.1111111111111111
0.5997034840622685,0.5961087267525035,0.35064935064935066,0.31764705882352945,0.018518518518518517
0.3291326908821349,0.284349070100143,0.5714285714285714,0.7058823529411764,0.0
0.3439584877687176,0.3014020028612303,0.6103896103896103,0.4705882352941177,0.0
0.3795404002965159,0.34357653791130194,0.5584415584415583,0.6000000000000001,0.07407407407407407
0.5618977020014826,0.5472961373390558,0.5454545454545456,0.411764705882353,0.0
0.5959970348406227,0.5919313304721029,0.5584415584415583,0.5058823529411764,0.2962962962962963
0.3825055596738325,0.3473533619456366,0.6493506493506491,0.8,0.018518518518518517
0.6382505559673833,0.6439484978540772,0.5584415584415583,0.4941176470588235,0.3148148148148148
0.44255003706449225,0.41791130185979963,0.6233766233766234,0.4705882352941177,0.16666666666666666
0.42698295033358047,0.39736766809728175,0.805194805194805,0.8,0.27777777777777773
0.4373610081541883,0.3860944206008583,0.6623376623376622,0.2,0.05555555555555555
0.39140103780578206,0.3569670958512159,0.46753246753246747,0.7058823529411764,0.2222222222222222
0.6634544106745739,0.6732474964234619,0.37662337662337664,0.4941176470588235,0.0
0.4032616753150482,0.37081545064377675,0.5454545454545456,0.7529411764705882,0.0
0.4744255003706449,0.4537339055793992,0.6623376623376622,0.6588235294117646,0.0
0.4810971089696071,0.46311874105865514,0.6363636363636365,0.5176470588235293,0.0
0.3802816901408451,0.34454935622317595,0.46753246753246747,0.6823529411764706,0.0
0.7783543365455895,0.8103576537911302,0.5454545454545456,0.7058823529411764,0.1111111111111111
0.35730170496664204,0.3161659513590843,0.5454545454545456,0.5647058823529412,0.07407407407407407
0.4544106745737584,0.40881258941344767,0.31168831168831157,0.5176470588235293,0.07407407407407407
0.27353595255745,0.22329041487839763,0.6753246753246753,0.6235294117647059,0.2037037037037037
0.3595255744996294,0.3193705293276108,0.6623376623376622,0.4705882352941177,0.4259259259259259
0.4114158636026687,0.3793419170243205,0.5714285714285714,0.5294117647058822,0.037037037037037035
0.5181616011860638,0.49699570815450644,0.4415584415584415,0.4470588235294118,0.0
0.2942920681986657,0.2500715307582261,0.6493506493506491,0.6235294117647059,0.25925925925925924
0.3936249073387694,0.35834048640915583,0.6233766233766234,0.6235294117647059,0.0
0.5670867309117865,0.5527896995708156,0.5454545454545456,0.5647058823529412,0.3148148148148148
0.603409933283914,0.601602288984263,0.5194805194805194,0.4235294117647059,0.3333333333333333
0.5151964418087472,0.5043776824034335,0.7012987012987011,0.6352941176470588,0.0
0.5945144551519645,0.589928469241774,0.5454545454545456,0.5529411764705883,0.18518518518518517
0.3817642698295033,0.3463233190271816,0.4545454545454546,0.6941176470588235,0.0
0.44996293550778355,0.4012017167381974,0.49350649350649345,0.5529411764705883,0.4074074074074074
0.6434395848776873,0.6495565092989987,0.6103896103896103,0.30588235294117644,0.48148148148148145
0.33432171979243885,0.29184549356223166,0.5974025974025972,0.5529411764705883,0.0
0.6130467012601929,0.6134477825464949,0.48051948051948057,0.5176470588235293,0.2962962962962963
0.346182357301705,0.2290701001430615,0.4545454545454546,0.5058823529411764,0.4074074074074074
0.6886582653817643,0.7013447782546495,0.33766233766233755,0.32941176470588235,0.3333333333333333
0.5856189770200149,0.5787124463519312,0.5064935064935063,0.4823529411764706,0.4444444444444444
0.5915492957746479,0.5866666666666666,0.48051948051948057,0.4941176470588235,0.2037037037037037
0.3758339510748703,0.33905579399141617,0.46753246753246747,0.7058823529411764,0.0
0.5878428465530023,0.5829470672389127,0.4545454545454546,0.6000000000000001,0.5925925925925926
0.14010378057820608,0.095450643776824,0.6623376623376622,0.5529411764705883,0.05555555555555555
0.37879911045218684,0.343175965665236,0.7402597402597404,0.7411764705882353,0.0
0.6345441067457377,0.6396566523605148,0.5194805194805194,0.4470588235294118,0.574074074074074
0.5826538176426984,0.5751645207439199,0.36363636363636354,0.4705882352941177,0.14814814814814814
0.3610081541882877,0.32114449213161655,0.4415584415584415,0.4588235294117647,0.12962962962962962
0.725722757598221,0.7456938483547925,0.5584415584415583,0.30588235294117644,0.1111111111111111
0.6456634544106746,0.6524749642346209,0.46753246753246747,0.5764705882352941,0.4444444444444444
0.5811712379540401,0.572074391988555,0.35064935064935066,0.4352941176470589,0.4259259259259259
0.6456634544106746,0.6525321888412016,0.3896103896103895,0.4705882352941177,0.0
0.36990363232023726,0.33190271816881245,0.5584415584415583,0.5294117647058822,0.16666666666666666
0.3817642698295033,0.34597997138769665,0.7662337662337662,0.6000000000000001,0.25925925925925924
0.5063009636767977,0.4949356223175966,0.5974025974025972,0.5647058823529412,0.0
0.42920681986656783,0.3997711015736767,0.5844155844155845,0.6000000000000001,0.0
0.5418828762045961,0.5242918454935622,0.7922077922077924,0.4470588235294118,0.18518518518518517
0.4373610081541883,0.4100715307582259,0.4155844155844155,0.37647058823529417,0.0
0.424759080800593,0.39439198855507873,0.6753246753246753,0.6235294117647059,0.0
0.5989621942179393,0.5953075822603718,0.6753246753246753,0.6000000000000001,0.0
0.6567828020756117,0.6656938483547926,0.5714285714285714,0.6235294117647059,0.0
0.352112676056338,0.30998569384835484,0.7012987012987011,0.588235294117647,0.1111111111111111
0.6078576723498889,0.6062374821173103,0.5324675324675325,0.4941176470588235,0.2962962962962963
0.4662713120830245,0.4450929899856938,0.7792207792207793,0.5411764705882354,0.037037037037037035
0.4833209785025946,0.4502432045779685,0.46753246753246747,0.4823529411764706,0.14814814814814814
0.563380281690141,0.5482689556509298,0.5454545454545456,0.1882352941176471,0.4259259259259259
0.4336545589325427,0.40612303290414864,0.7142857142857142,0.4235294117647059,0.1111111111111111
0.24462564862861383,0.19101573676680972,0.4415584415584415,0.35294117647058826,0.0
0.4699777613046703,0.4508154506437767,0.6493506493506491,0.6941176470588235,0.18518518518518517
0.6234247590808006,0.6271816881258941,0.33766233766233755,0.411764705882353,0.0
0.6048925129725723,0.6033762517882689,0.5194805194805194,0.6000000000000001,0.3888888888888889
0.5159377316530764,0.49384835479256073,0.5454545454545456,0.5411764705882354,0.18518518518518517
0.24017790956263904,0.18723891273247495,0.4025974025974026,0.5647058823529412,0.0
0.6404744255003707,0.6465808297567953,0.6363636363636365,0.4588235294117647,0.3518518518518518
0.2950333580429949,0.25155937052932753,0.31168831168831157,0.4941176470588235,0.14814814814814814
0.5900667160859897,0.5844921316165951,0.5454545454545456,0.4705882352941177,0.18518518518518517
0.4373610081541883,0.4105293276108727,0.5584415584415583,0.4823529411764706,0.3518518518518518
0.41882876204596,0.3868383404864092,0.46753246753246747,0.7411764705882353,0.3148148148148148
0.3298739807264641,0.28457796852646644,0.36363636363636354,0.7058823529411764,0.0
0.686434395848777,0.6985407725321889,0.5064935064935063,0.36470588235294116,0.12962962962962962
0.686434395848777,0.6987124463519313,0.35064935064935066,0.4941176470588235,0.2037037037037037
0.35656041512231285,0.31456366237482103,0.5064935064935063,0.5529411764705883,0.0
0.4173461823573017,0.38489270386266095,0.4545454545454546,0.5411764705882354,0.0
0.2942920681986657,0.2498998569384836,0.5974025974025972,0.5647058823529412,0.0
0.6716085989621943,0.6815450643776825,0.5194805194805194,0.6470588235294117,0.537037037037037
0.4544106745737584,0.431587982832618,0.4415584415584415,0.4705882352941177,0.0
0.6575240919199408,0.6666666666666666,0.6493506493506491,0.39999999999999997,0.3148148148148148
0.613787991104522,0.6155078683834049,0.2727272727272727,0.4588235294117647,0.2962962962962963
0.7472201630837658,0.76967095851216,0.5974025974025972,0.5647058823529412,0.4074074074074074
0.7368421052631581,0.7575393419170241,0.4545454545454546,0.5411764705882354,0.4074074074074074
0.3802816901408451,0.3440343347639484,0.5194805194805194,0.6352941176470588,0.09259259259259259
0.13120830244625656,0.0833762517882689,0.4285714285714286,0.6705882352941175,0.0
0.7390659747961453,0.7603433476394849,0.5194805194805194,0.5294117647058822,0.07407407407407407
0.23350630096367683,0.17630901287553635,0.4155844155844155,0.5647058823529412,0.12962962962962962
0.3595255744996294,0.3194849785407725,0.6493506493506491,0.7411764705882353,0.0
0.34025203854707187,0.2976824034334764,0.5064935064935063,0.6941176470588235,0.12962962962962962
0.32765011119347665,0.2830329041487839,0.46753246753246747,0.8,0.12962962962962962
0.48702742772424024,0.45562231759656646,0.5194805194805194,0.4823529411764706,0.537037037037037
0.44922164566345446,0.42489270386266087,0.6883116883116884,0.611764705882353,0.037037037037037035
0.3891771682727948,0.35473533619456366,0.7012987012987011,0.611764705882353,0.0
0.3817642698295033,0.3460371959942774,0.4545454545454546,0.4470588235294118,0.12962962962962962
0.619718309859155,0.6231187410586553,0.49350649350649345,0.4352941176470589,0.46296296296296297
0.7197924388435879,0.7384835479256079,0.6103896103896103,0.5058823529411764,0.6481481481481481
0.4321719792438843,0.40371959942775393,0.6233766233766234,0.776470588235294,0.0
0.5011119347664938,0.48864091559370526,0.6363636363636365,0.6588235294117646,0.3333333333333333
0.6501111934766495,0.6581974248927037,0.01298701298701288,0.37647058823529417,0.0
0.4684951816160119,0.44835479256080113,0.5064935064935063,0.6823529411764706,0.037037037037037035
0.7361008154188289,0.7562231759656651,0.4025974025974026,0.4470588235294118,0.3518518518518518
0.4766493699036324,0.45739628040057223,0.5454545454545456,0.6000000000000001,0.0
0.680504077094144,0.6907582260371959,0.1558441558441559,0.39999999999999997,0.24074074074074076
0.6649369903632321,0.6753075822603719,0.31168831168831157,0.5176470588235293,0.37037037037037035
0.5804299481097109,0.5688125894134478,0.3246753246753247,0.4705882352941177,0.05555555555555555
0.5759822090437362,0.5641773962804005,0.24675324675324672,0.37647058823529417,0.4074074074074074
0.4603409933283914,0.43868383404864075,0.7142857142857142,0.4235294117647059,0.09259259259259259
0.6471460340993329,0.6544778254649498,0.5194805194805194,0.36470588235294116,0.27777777777777773
0.6856931060044479,0.6968812589413448,0.6493506493506491,0.32941176470588235,0.05555555555555555
0.5374351371386213,0.5258369098712447,0.24675324675324672,0.7058823529411764,0.0
0.6412157153446998,0.6467525035765379,0.46753246753246747,0.4941176470588235,0.2962962962962963
0.8072646404744257,0.8465808297567953,0.6753246753246753,0.5294117647058822,0.3888888888888889
0.7664936990363234,0.7934763948497853,0.5324675324675325,0.5647058823529412,0.5185185185185186
0.6834692364714604,0.6941344778254649,0.5844155844155845,0.5411764705882354,0.3518518518518518
0.6130467012601929,0.6145350500715306,0.33766233766233755,0.6000000000000001,0.6296296296296295
0.6923647146034101,0.7041487839771102,0.2857142857142856,0.37647058823529417,0.2222222222222222
0.536693847294292,0.5189127324749642,0.6233766233766234,0.1764705882352941,0.16666666666666666
0.37879911045218684,0.3426037195994277,0.5454545454545456,0.5058823529411764,0.0
0.38621200889547813,0.3515307582260372,0.4285714285714286,0.6823529411764706,0.0
0.7108969607116384,0.7270958512160227,0.35064935064935066,0.5411764705882354,0.0
0.6226834692364716,0.6266094420600857,0.4155844155844155,0.37647058823529417,0.27777777777777773
0.6767976278724982,0.6881258941344778,0.48051948051948057,0.2117647058823529,0.2962962962962963
0.5915492957746479,0.5867238912732474,0.5584415584415583,0.4705882352941177,0.4259259259259259
0.5492957746478874,0.5328755364806866,0.4025974025974026,0.6000000000000001,0.0
0.3891771682727948,0.35462088698140193,0.37662337662337664,0.6588235294117646,0.0
0.6315789473684211,0.6356509298998568,0.6363636363636365,0.4235294117647059,0.4259259259259259
0.6219421793921424,0.6256366237482117,0.2727272727272727,0.29411764705882354,0.0
0.5070422535211269,0.48463519313304715,0.4415584415584415,0.4470588235294118,0.09259259259259259
0.6026686434395849,0.6007439198855508,0.48051948051948057,0.5176470588235293,0.25925925925925924
0.26241660489251306,0.2081258941344778,0.4545454545454546,0.588235294117647,0.2222222222222222
0.30689399555226093,0.2639198855507868,0.4415584415584415,0.6235294117647059,0.1111111111111111
0.47813194959229066,0.4595708154506437,0.5194805194805194,0.6823529411764706,0.0
0.619718309859155,0.6227181688125895,0.46753246753246747,0.35294117647058826,0.4074074074074074
0.742031134173462,0.7648640915593704,0.4415584415584415,0.5294117647058822,0.14814814814814814
0.47887323943661975,0.4604291845493562,0.5324675324675325,0.6705882352941175,0.07407407407407407
0.5085248332097851,0.496480686695279,0.49350649350649345,0.7294117647058822,0.0
0.3676797627872499,0.3299570815450643,0.49350649350649345,0.4823529411764706,0.0
0.5426241660489252,0.5302432045779685,0.7012987012987011,0.5764705882352941,0.0
0.3610081541882877,0.32085836909871246,0.3246753246753247,0.6235294117647059,0.0
0.641957005189029,0.6472103004291846,0.35064935064935066,0.6235294117647059,0.12962962962962962
0.6997776130467014,0.7133619456366237,0.33766233766233755,0.5058823529411764,0.1111111111111111
0.6656782802075613,0.6761087267525036,0.4285714285714286,0.4470588235294118,0.3148148148148148
0.6434395848776873,0.6496137339055793,0.46753246753246747,0.5647058823529412,0.24074074074074076
0.6367679762787252,0.6421173104434906,0.4285714285714286,0.4588235294117647,0.46296296296296297
0.65826538176427,0.6674105865522174,0.5324675324675325,0.588235294117647,0.0
0.7064492216456636,0.7222889842632331,0.4545454545454546,0.5058823529411764,0.25925925925925924
0.40177909562639,0.36766809728183114,0.4285714285714286,0.6352941176470588,0.12962962962962962
0.6234247590808006,0.6268383404864092,0.6493506493506491,0.5411764705882354,0.2037037037037037
0.15937731653076356,0.10334763948497849,0.4025974025974026,0.6235294117647059,0.0
0.4314306893995552,0.4032045779685264,0.5974025974025972,0.6352941176470588,0.09259259259259259
0.7546330615270572,0.7791702432045778,0.6753246753246753,0.5294117647058822,0.48148148148148145
0.5085248332097851,0.48595135908440634,0.4415584415584415,0.37647058823529417,0.09259259259259259
0.4677538917716827,0.4478397711015737,0.5064935064935063,0.588235294117647,0.0
0.5952557449962936,0.5911874105865521,0.6623376623376622,0.5529411764705883,0.3333333333333333
0.7531504818383988,0.7772818311874107,0.4415584415584415,0.5529411764705883,0.05555555555555555
0.5678280207561156,0.5541630901287552,0.36363636363636354,0.35294117647058826,0.18518518518518517
0.6671608598962195,0.677310443490701,0.5844155844155845,0.5058823529411764,0.2222222222222222
0.4477390659747962,0.42288984263233187,0.4025974025974026,0.5647058823529412,0.0
0.28465530022238694,0.23364806866952792,0.5194805194805194,0.4235294117647059,0.16666666666666666
0.5537435137138622,0.5377396280400571,0.46753246753246747,0.36470588235294116,0.0
0.3728687916975538,0.3358512160228897,0.4545454545454546,0.4823529411764706,0.0
0.42994810971089703,0.40051502145922746,0.33766233766233755,0.6352941176470588,0.27777777777777773
0.40622683469236476,0.37424892703862656,0.7272727272727273,0.4235294117647059,0.0
0.3676797627872499,0.3301287553648068,0.6363636363636365,0.4705882352941177,0.16666666666666666
0.5203854707190513,0.510214592274678,0.4025974025974026,0.7882352941176469,0.16666666666666666
0.3009636767976278,0.2580829756795422,0.5844155844155845,0.7294117647058822,0.16666666666666666
0.46478873239436624,0.44314735336194555,0.35064935064935066,0.6941176470588235,0.0
0.6619718309859156,0.6714735336194563,0.4545454545454546,0.4352941176470589,0.2222222222222222
0.2883617494440326,0.23896995708154511,0.5194805194805194,0.588235294117647,0.09259259259259259
0.6871756856931062,0.6993991416309012,0.4415584415584415,0.6470588235294117,0.25925925925925924
0.782060785767235,0.8142489270386267,0.5844155844155845,0.4588235294117647,0.3333333333333333
0.42253521126760574,0.39193133047210293,0.5974025974025972,0.6235294117647059,0.16666666666666666
0.38621200889547813,0.35170243204577967,0.6623376623376622,0.5294117647058822,0.05555555555555555
0.6212008895478133,0.6233476394849785,0.36363636363636354,0.611764705882353,0.0
0.6338028169014085,0.6386838340486408,0.3246753246753247,0.38823529411764707,0.3888888888888889
0.3002223869532987,0.25670958512160225,0.49350649350649345,0.411764705882353,0.2962962962962963
0.3587842846553002,0.3182260371959943,0.5064935064935063,0.6588235294117646,0.0
0.4010378057820607,0.34512160228898414,0.5324675324675325,0.4235294117647059,0.37037037037037035
0.44180874722016317,0.39193133047210293,0.36363636363636354,0.6588235294117646,0.0
0.7042253521126762,0.7185121602288983,0.4155844155844155,0.38823529411764707,0.14814814814814814
0.46478873239436624,0.4434907010014305,0.6623376623376622,0.5764705882352941,0.4259259259259259
0.4833209785025946,0.46643776824034333,0.6883116883116884,0.7176470588235293,0.2037037037037037
0.3165307635285397,0.2724463519313305,0.46753246753246747,0.6235294117647059,0.05555555555555555
0.6834692364714604,0.6944206008583692,0.6753246753246753,0.4470588235294118,0.2222222222222222
0.6426982950333582,0.6478397711015736,0.5454545454545456,0.5411764705882354,0.0
0.34099332839140106,0.2981402002861231,0.6103896103896103,0.4352941176470589,0.3148148148148148
0.714603409933284,0.7318454935622317,0.36363636363636354,0.4235294117647059,0.3148148148148148
0.6968124536693848,0.7094706723891274,0.4545454545454546,0.6000000000000001,0.0
0.7175685693106005,0.7367095851216022,0.3246753246753247,0.611764705882353,0.27777777777777773
0.5811712379540401,0.5720171673819742,0.33766233766233755,0.35294117647058826,0.0
0.30541141586360265,0.26220314735336203,0.5714285714285714,0.5294117647058822,0.0
0.5656041512231283,0.5510157367668097,0.4285714285714286,0.5529411764705883,0.0
0.7553743513713863,0.7810014306151646,0.5454545454545456,0.25882352941176473,0.37037037037037035
0.49962935507783546,0.4862947067238913,0.5584415584415583,0.5647058823529412,0.0
0.4907338769458859,0.47513590844062936,0.2727272727272727,0.611764705882353,0.018518518518518517
0.5752409191994071,0.5632618025751072,0.7012987012987011,0.5529411764705883,0.3518518518518518
0.6338028169014085,0.6387410586552217,0.6103896103896103,0.2117647058823529,0.6296296296296295
0.6797627872498149,0.6905293276108727,0.5194805194805194,0.5294117647058822,0.27777777777777773
0.5174203113417346,0.5073533619456364,0.5714285714285714,0.27058823529411763,0.25925925925925924
0.5871015567086733,0.5806008583690986,0.37662337662337664,0.5058823529411764,0.14814814814814814
0.5144551519644182,0.4925894134477825,0.3896103896103895,0.39999999999999997,0.18518518518518517
0.6004447739065976,0.5972532188841201,0.4155844155844155,0.31764705882352945,0.0
0.6426982950333582,0.6485836909871244,0.4415584415584415,0.5176470588235293,0.16666666666666666
0.4885100074128985,0.47256080114449206,0.4155844155844155,0.7882352941176469,0.0
0.42994810971089703,0.4010300429184549,0.6103896103896103,0.7294117647058822,0.0
0.5596738324684952,0.5452932761087267,0.5194805194805194,0.5647058823529412,0.48148148148148145
0.6019273535952558,0.5995422031473533,0.5974025974025972,0.5647058823529412,0.12962962962962962
0.6656782802075613,0.6761087267525036,0.35064935064935066,0.411764705882353,0.25925925925925924
0.6011860637509268,0.5986266094420601,0.4415584415584415,0.6823529411764706,0.4074074074074074
0.37879911045218684,0.3430615164520744,0.35064935064935066,0.6588235294117646,0.0
0.6293550778354337,0.6335336194563662,0.5844155844155845,0.2117647058823529,0.09259259259259259
0.3691623424759082,0.3311015736766809,0.46753246753246747,0.6823529411764706,0.24074074074074076
0.6360266864343959,0.6413733905579398,0.5194805194805194,0.38823529411764707,0.25925925925925924
0.39807264640474427,0.3631473533619456,0.6363636363636365,0.5058823529411764,0.0
0.46553002223869544,0.444349070100143,0.7272727272727273,0.7882352941176469,0.3148148148148148
0.6486286137879913,0.656766809728183,0.37662337662337664,0.5058823529411764,0.2037037037037037
0.32097850259451444,0.27650929899856946,0.6753246753246753,0.4941176470588235,0.2222222222222222
0.37731653076352867,0.34025751072961374,0.24675324675324672,0.6588235294117646,0.0
0.6019273535952558,0.5999427753934191,0.20779220779220764,0.5647058823529412,0.1111111111111111
0.2209043736100816,0.16423462088698138,0.5324675324675325,0.9176470588235293,0.0
0.4810971089696071,0.4633476394849785,0.49350649350649345,0.588235294117647,0.1111111111111111
0.6634544106745739,0.6735908440629471,0.4415584415584415,0.4705882352941177,0.48148148148148145
0.3528539659006672,0.3105007153075823,0.6103896103896103,0.6235294117647059,0.037037037037037035
0.5218680504077094,0.5019170243204577,0.5584415584415583,0.38823529411764707,0.2037037037037037
0.469236471460341,0.44892703862660943,0.48051948051948057,0.6705882352941175,0.0
0.7553743513713863,0.781459227467811,0.49350649350649345,0.411764705882353,0.25925925925925924
0.6182357301704968,0.6201430615164519,0.5324675324675325,0.611764705882353,0.2037037037037037
0.630096367679763,0.6346781115879828,0.9350649350649352,0.4470588235294118,0.4444444444444444
0.7160859896219423,0.7346494992846923,0.4025974025974026,0.5529411764705883,0.3148148148148148
0.4951816160118607,0.46712446351931314,0.5324675324675325,0.38823529411764707,0.3518518518518518
0.47071905114899937,0.4511015736766809,0.46753246753246747,0.7647058823529411,0.4074074074074074
0.7227575982209046,0.741859799713877,0.49350649350649345,0.39999999999999997,0.3333333333333333
0.5151964418087472,0.5046638054363376,0.48051948051948057,0.5176470588235293,0.6481481481481481
0.41438102297998525,0.381516452074392,0.7142857142857142,0.6823529411764706,0.05555555555555555
0.5181616011860638,0.49768240343347625,0.805194805194805,0.27058823529411763,0.5925925925925926
0.7709414381022981,0.8017739628040058,0.4415584415584415,0.411764705882353,0.18518518518518517
0.11267605633802821,0.05150214592274682,0.5974025974025972,0.4823529411764706,0.12962962962962962
0.7931801334321722,0.8280400572246066,0.6753246753246753,0.4470588235294118,0.0
0.3328391401037806,0.2893276108726752,0.6883116883116884,0.5647058823529412,0.16666666666666666
0.7242401779095627,0.7445493562231759,0.6233766233766234,0.38823529411764707,0.018518518518518517
0.3936249073387694,0.3586838340486409,0.4285714285714286,0.7294117647058822,0.09259259259259259
0.6367679762787252,0.6418311874105865,0.7272727272727273,0.5294117647058822,0.5925925925925926
0.759080800593032,0.785178826895565,0.5454545454545456,0.4588235294117647,0.0
0.6352853965900668,0.6404005722460656,0.48051948051948057,0.6705882352941175,0.0
0.5048183839881394,0.4928755364806866,0.7272727272727273,0.6705882352941175,0.09259259259259259
0.6048925129725723,0.6036051502145924,0.6233766233766234,0.4705882352941177,0.018518518518518517
0.6612305411415865,0.6703290414878397,0.3896103896103895,0.776470588235294,0.0
0.5722757598220904,0.5597711015736767,0.6753246753246753,0.6823529411764706,0.037037037037037035
0.7494440326167533,0.7712732474964233,0.6493506493506491,0.22352941176470592,0.2962962962962963
0.6456634544106746,0.6529327610872676,0.4545454545454546,0.4352941176470589,0.3518518518518518
0.731653076352854,0.7524463519313304,0.6623376623376622,0.35294117647058826,0.0
0.5878428465530023,0.5816881258941343,0.48051948051948057,0.34117647058823525,0.4259259259259259
0.6241660489251298,0.6278683834048641,0.5324675324675325,0.611764705882353,0.3333333333333333
0.22238695329873984,0.16629470672389124,0.5064935064935063,0.5529411764705883,0.0
0.708673091178651,0.7244635193133048,0.5064935064935063,0.4705882352941177,0.4074074074074074
0.44996293550778355,0.42609442060085834,0.4545454545454546,0.32941176470588235,0.1111111111111111
0.5900667160859897,0.5841487839771101,0.48051948051948057,0.5411764705882354,0.2962962962962963
0.6471460340993329,0.654706723891273,0.2727272727272727,0.5764705882352941,0.3148148148148148
0.44180874722016317,0.41676680972818314,0.5714285714285714,0.5411764705882354,0.0
0.3736100815418829,0.33665236051502145,0.6753246753246753,0.5058823529411764,0.25925925925925924
0.3513713862120089,0.308898426323319,0.49350649350649345,0.6588235294117646,0.2962962962962963
0.37064492216456635,0.33304721030042916,0.4285714285714286,0.37647058823529417,0.0
0.3039288361749444,0.2602575107296138,0.5584415584415583,0.6000000000000001,0.14814814814814814
0.6545589325426242,0.664206008583691,0.3896103896103895,0.39999999999999997,0.3888888888888889
0.5463306152705709,0.528412017167382,0.4025974025974026,0.6235294117647059,0.4444444444444444
0.38547071905114905,0.35055793991416306,0.5064935064935063,0.6000000000000001,0.1111111111111111
0.49962935507783546,0.47433476394849783,0.48051948051948057,0.5176470588235293,0.1111111111111111
0.4403261675315049,0.3898140200286122,0.46753246753246747,0.4352941176470589,0.09259259259259259
0.390659747961453,0.3559370529327611,0.7142857142857142,0.4941176470588235,0.2037037037037037
0.6901408450704226,0.7024320457796852,0.5584415584415583,0.4470588235294118,0.2222222222222222
0.5470719051149,0.5356795422031474,0.5844155844155845,0.6000000000000001,0.14814814814814814
0.647887323943662,0.6560801144492131,0.6103896103896103,0.35294117647058826,0.537037037037037
0.5900667160859897,0.5848927038626609,0.5714285714285714,0.6470588235294117,0.25925925925925924
0.686434395848777,0.6972818311874106,0.5064935064935063,0.31764705882352945,0.4074074074074074
0.5255744996293552,0.5141058655221745,0.5714285714285714,0.5529411764705883,0.0
0.3002223869532987,0.25670958512160225,0.5454545454545456,0.611764705882353,0.14814814814814814
0.45811712379540415,0.4361659513590843,0.5974025974025972,0.5529411764705883,0.14814814814814814
0.6241660489251298,0.6283261802575107,0.4025974025974026,0.37647058823529417,0.6666666666666667
0.5492957746478874,0.5385407725321888,0.4155844155844155,0.611764705882353,0.0
0.5559673832468497,0.5457510729613734,0.6363636363636365,0.4470588235294118,0.25925925925925924
0.7361008154188289,0.756623748211731,0.48051948051948057,0.7882352941176469,0.46296296296296297
0.6338028169014085,0.6393133047210299,0.33766233766233755,0.5647058823529412,0.4444444444444444
0.3098591549295775,0.26620886981402003,0.6363636363636365,0.611764705882353,0.2222222222222222
0.6041512231282432,0.601945636623748,0.4285714285714286,0.4470588235294118,0.48148148148148145
0.3869532987398073,0.3520457796852646,0.5584415584415583,0.588235294117647,0.3888888888888889
0.5559673832468497,0.5411158798283261,0.753246753246753,0.4705882352941177,0.09259259259259259
0.40548554484803556,0.37327610872675254,0.36363636363636354,0.4941176470588235,0.2222222222222222
0.5752409191994071,0.5632045779685265,0.37662337662337664,0.6000000000000001,0.14814814814814814
0.5233506300963677,0.5026609442060085,0.6103896103896103,0.37647058823529417,0.6851851851851851
0.6389918458117124,0.6341630901287555,0.7272727272727273,0.588235294117647,0.0
0.39807264640474427,0.3633762517882688,0.6623376623376622,0.4235294117647059,0.24074074074074076
0.5826538176426984,0.5745350500715306,0.6623376623376622,0.5647058823529412,0.0
0.5277983691623426,0.5168526466380544,0.5974025974025972,0.7411764705882353,0.0
0.5255744996293552,0.5142203147353362,0.5454545454545456,0.7411764705882353,0.18518518518518517
0.6011860637509268,0.5980543633762517,0.37662337662337664,0.34117647058823525,0.0
0.3083765752409192,0.26575107296137324,0.7792207792207793,0.8117647058823529,0.0
0.4388435878428466,0.41230329041487834,0.49350649350649345,0.4235294117647059,0.0
0.6093402520385471,0.6081258941344777,0.2857142857142856,0.5294117647058822,0.3518518518518518
0.5426241660489252,0.5248068669527896,0.4545454545454546,0.39999999999999997,0.07407407407407407
0.6241660489251298,0.6282689556509299,0.4415584415584415,0.4235294117647059,0.0
0.7079318013343218,0.7241201716738198,0.753246753246753,0.6588235294117646,0.09259259259259259
0.41438102297998525,0.38185979971387696,0.6233766233766234,0.4588235294117647,0.0
0.7487027427724242,0.7707010014306152,0.4285714285714286,0.5294117647058822,0.0
0.4633061527057081,0.44154506437768226,0.6363636363636365,0.411764705882353,0.3148148148148148
0.37138621200889554,0.3337339055793992,0.6363636363636365,0.7294117647058822,0.0
0.6100815418828762,0.6089842632331902,0.37662337662337664,0.5647058823529412,0.2962962962962963
0.6523350630096368,0.6614592274678112,0.5454545454545456,0.23529411764705882,0.3518518518518518
0.40177909562639,0.3674391988555078,0.5974025974025972,0.7529411764705882,0.24074074074074076
0.597479614529281,0.5938197424892703,0.6493506493506491,0.5058823529411764,0.0
0.5922905856189771,0.5878111587982832,0.5194805194805194,0.611764705882353,0.3333333333333333
0.3543365455893255,0.3120457796852646,0.6493506493506491,0.776470588235294,0.24074074074074076
0.6330615270570794,0.6380543633762518,0.49350649350649345,0.38823529411764707,0.0
0.4610822831727206,0.4394849785407725,0.6233766233766234,0.7294117647058822,0.1111111111111111
0.42920681986656783,0.400343347639485,0.6623376623376622,0.7882352941176469,0.07407407407407407
0.6404744255003707,0.6402288984263232,0.6883116883116884,0.776470588235294,0.14814814814814814
0.6730911786508526,0.6836623748211731,0.2857142857142856,0.36470588235294116,0.2037037037037037
0.7442550037064494,0.768068669527897,0.6363636363636365,0.37647058823529417,0.2962962962962963
0.5500370644922166,0.5331616595135907,0.5844155844155845,0.4705882352941177,0.037037037037037035
0.6730911786508526,0.6838340486409155,0.48051948051948057,0.4823529411764706,0.4074074074074074
0.6501111934766495,0.6583118741058654,0.5324675324675325,0.30588235294117644,0.37037037037037035
0.5159377316530764,0.4933333333333333,0.4545454545454546,0.4705882352941177,0.07407407407407407
0.6241660489251298,0.6277539341917023,0.37662337662337664,0.35294117647058826,0.4444444444444444
0.4736842105263158,0.43914163090128755,0.4025974025974026,0.6705882352941175,0.5555555555555556
0.4306893995552261,0.40154506437768245,0.6363636363636365,0.5764705882352941,0.018518518518518517
0.44996293550778355,0.4257510729613734,0.5714285714285714,0.588235294117647,0.16666666666666666
0.7160859896219423,0.7351072961373389,0.4155844155844155,0.30588235294117644,0.16666666666666666
0.5352112676056339,0.515937052932761,0.49350649350649345,0.5294117647058822,0.4444444444444444
0.5559673832468497,0.5408869814020029,0.857142857142857,0.4235294117647059,0.0
0.7020014825796888,0.7149070100143061,0.48051948051948057,0.4588235294117647,0.18518518518518517
0.37879911045218684,0.3422031473533619,0.5064935064935063,0.4941176470588235,0.0
0.5515196441808748,0.5343633762517882,0.5454545454545456,0.5294117647058822,0.18518518518518517
0.6567828020756117,0.6663233190271817,0.4545454545454546,0.4352941176470589,0.3333333333333333
0.24981467753891776,0.19799713876967096,0.6233766233766234,0.7294117647058822,0.14814814814814814
0.6856931060044479,0.6967668097281831,0.7142857142857142,0.6000000000000001,0.574074074074074
0.49444032616753164,0.4658655221745349,0.5064935064935063,0.5764705882352941,0.05555555555555555
0.5967383246849519,0.5927324749642345,0.4415584415584415,0.34117647058823525,0.18518518518518517
0.6367679762787252,0.6421173104434906,0.4285714285714286,0.5411764705882354,0.2962962962962963
0.7190511489992588,0.737796852646638,0.4025974025974026,0.4235294117647059,0.0
0.6471460340993329,0.6545922746781115,0.6233766233766234,0.4941176470588235,0.0
0.5478131949592291,0.5312732474964234,0.4285714285714286,0.4588235294117647,0.2222222222222222
0.9229058561897703,0.9608583690987124,0.4285714285714286,0.4352941176470589,0.09259259259259259
0.5930318754633063,0.587868383404864,0.37662337662337664,0.411764705882353,0.3333333333333333
0.5055596738324685,0.49367668097281825,0.5454545454545456,0.8470588235294116,0.0
0.6219421793921424,0.6256938483547926,0.7402597402597404,0.39999999999999997,0.14814814814814814
0.29280948851000743,0.24818311874105858,0.3896103896103895,0.6705882352941175,0.18518518518518517
0.4477390659747962,0.4230042918454936,0.5584415584415583,0.5294117647058822,0.0
0.4907338769458859,0.47519313304721034,0.3246753246753247,0.8235294117647058,0.0
0.4766493699036324,0.4577396280400572,0.49350649350649345,0.6000000000000001,0.018518518518518517
0.4329132690882136,0.40457796852646644,0.3246753246753247,0.7294117647058822,0.12962962962962962
0.8117123795404004,0.8527038626609443,0.33766233766233755,0.30588235294117644,0.49999999999999994
0.3469236471460341,0.3047210300429184,0.5324675324675325,0.5294117647058822,0.05555555555555555
0.6515937731653078,0.6608297567954221,0.5194805194805194,0.38823529411764707,0.0
0.7561156412157155,0.782145922746781,0.19480519480519476,0.25882352941176473,0.4259259259259259
0.7939214232765013,0.8280972818311875,0.33766233766233755,0.35294117647058826,0.48148148148148145
0.34766493699036327,0.30512160228898433,0.4285714285714286,0.6823529411764706,0.0
0.45737583395107495,0.4350214592274678,0.7922077922077924,0.5647058823529412,0.2222222222222222
0.7249814677538919,0.7447210300429185,0.4415584415584415,0.5411764705882354,0.25925925925925924
0.424759080800593,0.39381974248927043,0.4545454545454546,0.5647058823529412,0.0
0.5700518902891032,0.5590271816881257,0.4155844155844155,0.39999999999999997,0.14814814814814814
0.5218680504077094,0.5115307582260372,0.8701298701298701,0.6941176470588235,0.07407407407407407
0.5685693106004449,0.5543919885550787,0.6493506493506491,0.5176470588235293,0.3148148148148148
0.6078576723498889,0.6058941344778254,0.2987012987012987,0.5764705882352941,0.16666666666666666
0.38621200889547813,0.3516452074391989,0.5194805194805194,0.36470588235294116,0.14814814814814814
0.6315789473684211,0.6365092989985693,0.4155844155844155,0.4352941176470589,0.27777777777777773
0.7353595255744998,0.7558798283261802,0.5584415584415583,0.5176470588235293,0.0
0.6352853965900668,0.64,0.46753246753246747,0.4705882352941177,0.25925925925925924
0.5048183839881394,0.4814306151645207,0.5064935064935063,0.5294117647058822,0.14814814814814814
0.3691623424759082,0.33133047210300426,0.5714285714285714,0.8117647058823529,0.0
0.641957005189029,0.647038626609442,0.4415584415584415,0.27058823529411763,0.3333333333333333
0.6315789473684211,0.6364520743919885,0.5974025974025972,0.4823529411764706,0.37037037037037035
0.6538176426982951,0.6618025751072961,0.48051948051948057,0.4470588235294118,0.3148148148148148
0.34025203854707187,0.2980829756795421,0.6753246753246753,0.5529411764705883,0.12962962962962962
0.630837657524092,0.6354792560801145,0.6493506493506491,0.588235294117647,0.18518518518518517
0.48480355819125287,0.4674678111587982,0.6233766233766234,0.6470588235294117,0.0
0.4951816160118607,0.48091559370529335,0.805194805194805,0.6941176470588235,0.3148148148148148
0.4403261675315049,0.3894134477825465,0.5194805194805194,0.28235294117647064,0.2962962962962963
0.5448480355819126,0.5335622317596566,0.49350649350649345,0.8588235294117648,0.1111111111111111
0.5915492957746479,0.586266094420601,0.6493506493506491,0.4352941176470589,0.4444444444444444
0.2587101556708674,0.20532188841201715,0.5324675324675325,0.5058823529411764,0.24074074074074076
0.480355819125278,0.46168812589413444,0.5584415584415583,0.5529411764705883,0.0
0.36397331356560414,0.32600858369098706,0.5584415584415583,0.588235294117647,0.07407407407407407
0.31208302446256486,0.2683834048640915,0.6753246753246753,0.4941176470588235,0.2037037037037037
0.6716085989621943,0.6819456366237483,0.5194805194805194,0.37647058823529417,0.14814814814814814
0.6100815418828762,0.6092131616595134,0.2727272727272727,0.5294117647058822,0.3333333333333333
0.5337286879169756,0.5215450643776823,0.6883116883116884,0.776470588235294,0.0
0.5463306152705709,0.5279542203147353,0.5454545454545456,0.588235294117647,0.12962962962962962
0.36471460340993334,0.326409155937053,0.5974025974025972,0.7176470588235293,0.2222222222222222
0.45737583395107495,0.435593705293276,0.7922077922077924,0.7176470588235293,0.2037037037037037
0.6953298739807265,0.7083834048640917,0.7012987012987011,0.2117647058823529,0.24074074074074076
0.7583395107487028,0.783862660944206,0.46753246753246747,0.7529411764705882,0.1111111111111111
0.3817642698295033,0.34643776824034334,0.35064935064935066,0.5764705882352941,0.05555555555555555
0.6842105263157895,0.6949356223175965,0.5064935064935063,0.39999999999999997,0.037037037037037035
0.7108969607116384,0.7264091559370528,0.5194805194805194,0.4705882352941177,0.018518518518518517
0.3380281690140845,0.29590844062947064,0.4415584415584415,0.6352941176470588,0.0
0.5107487027427725,0.4884692417739628,0.3246753246753247,0.38823529411764707,0.0
0.5292809488510007,0.5175393419170241,0.35064935064935066,0.6823529411764706,0.0
0.5544848035581913,0.5387124463519314,0.37662337662337664,0.588235294117647,0.6111111111111112
0.5878428465530023,0.5816309012875537,0.46753246753246747,0.6470588235294117,0.537037037037037
0.2794662713120831,0.22901287553648064,0.5064935064935063,0.5411764705882354,0.25925925925925924
0.51297257227576,0.5002002861230328,0.6363636363636365,0.6823529411764706,0.0
0.530763528539659,0.5186838340486409,0.5324675324675325,0.611764705882353,0.2037037037037037
0.41512231282431433,0.3826609442060085,0.6103896103896103,0.6705882352941175,0.018518518518518517
0.6693847294292069,0.6787982832618026,0.4155844155844155,0.4352941176470589,0.3333333333333333
0.29280948851000743,0.24824034334763934,0.5714285714285714,0.6352941176470588,0.09259259259259259
0.4047442550037065,0.3719027181688126,0.33766233766233755,0.6823529411764706,0.2222222222222222
0.5537435137138622,0.5382546494992847,0.1558441558441559,0.5647058823529412,0.16666666666666666
0.714603409933284,0.7316738197424894,0.4415584415584415,0.411764705882353,0.14814814814814814
0.7123795404002966,0.7292703862660944,0.4415584415584415,0.6000000000000001,0.48148148148148145
0.30615270570793185,0.26329041487839777,0.6883116883116884,0.30588235294117644,0.18518518518518517
0.5137138621200891,0.49207439198855507,0.4545454545454546,0.39999999999999997,0.3518518518518518
0.3224610822831727,0.27805436337625167,0.6493506493506491,0.5058823529411764,0.0
0.38398813936249077,0.34901287553648064,0.5584415584415583,0.6705882352941175,0.0
0.24240177909562646,0.19010014306151646,0.3896103896103895,0.4470588235294118,0.18518518518518517
0.6145292809488511,0.6162517882689554,0.4285714285714286,0.38823529411764707,0.14814814814814814
0.7398072646404745,0.7608583690987124,0.5064935064935063,0.6352941176470588,0.27777777777777773
0.5166790214974055,0.5063805436337624,0.5714285714285714,0.6588235294117646,0.05555555555555555
0.37657524091919936,0.3396280400572247,0.5324675324675325,0.588235294117647,0.09259259259259259
0.6990363232023723,0.7118741058655221,0.48051948051948057,0.6352941176470588,0.6111111111111112
0.6360266864343959,0.6410872675250358,0.5454545454545456,0.37647058823529417,0.2222222222222222
0.6456634544106746,0.652131616595136,0.49350649350649345,0.7058823529411764,0.3148148148148148
0.624907338769459,0.6289556509298998,0.5844155844155845,0.4470588235294118,0.24074074074074076
0.5322461082283174,0.5128469241773962,0.33766233766233755,0.5647058823529412,0.48148148148148145
0.5789473684210527,0.5694992846924177,0.5844155844155845,0.4352941176470589,0.25925925925925924
0.759080800593032,0.785178826895565,0.5714285714285714,0.4235294117647059,0.4259259259259259
0.7323943661971832,0.7533619456366237,0.48051948051948057,0.4705882352941177,0.49999999999999994
0.7020014825796888,0.7150214592274678,0.5844155844155845,0.4823529411764706,0.48148148148148145
0.3313565604151223,0.2869241773962804,0.33766233766233755,0.6000000000000001,0.037037037037037035
0.5500370644922166,0.5329899856938484,0.36363636363636354,0.5176470588235293,0.12962962962962962
0.29132690882134915,0.24469241773962802,0.36363636363636354,0.5529411764705883,0.037037037037037035
0.4025203854707191,0.36892703862660936,0.5194805194805194,0.6235294117647059,0.07407407407407407
0.7116382505559675,0.7276680972818311,0.36363636363636354,0.4588235294117647,0.0
0.5922905856189771,0.5870100143061515,0.4545454545454546,0.6000000000000001,0.0
0.2327650111193477,0.17464949928469242,0.5844155844155845,0.5411764705882354,0.0
0.8851000741289845,0.9363090128755364,0.4025974025974026,0.4352941176470589,0.5925925925925926
0.6152705707931801,0.6169384835479256,0.5844155844155845,0.4235294117647059,0.09259259259259259
0.7049666419570053,0.7201716738197425,0.4545454545454546,0.6705882352941175,0.2037037037037037
0.38547071905114905,0.35072961373390565,0.48051948051948057,0.4705882352941177,0.0
0.42846553002223875,0.39891273247496417,0.5844155844155845,0.5176470588235293,0.0
0.5707931801334323,0.5584549356223175,0.49350649350649345,0.5294117647058822,0.037037037037037035
0.6545589325426242,0.6638626609442061,0.31168831168831157,0.32941176470588235,0.6296296296296295
0.7153446997776131,0.7331616595135907,0.46753246753246747,0.4705882352941177,0.2037037037037037
0.3528539659006672,0.31055793991416303,0.48051948051948057,0.5176470588235293,0.16666666666666666
0.6842105263157895,0.6950500715307583,0.35064935064935066,0.588235294117647,0.12962962962962962
0.5900667160859897,0.5849499284692418,0.7272727272727273,0.4470588235294118,0.5185185185185186
0.3617494440326168,0.32217453505007154,0.7792207792207793,0.7176470588235293,0.0
0.7205337286879171,0.7385979971387696,0.16883116883116878,0.611764705882353,0.037037037037037035
0.725722757598221,0.7456938483547925,0.4155844155844155,0.611764705882353,0.14814814814814814
0.4025203854707191,0.36852646638054354,0.5974025974025972,0.6000000000000001,0.1111111111111111
0.6256486286137881,0.6291845493562233,0.2857142857142856,0.2117647058823529,0.2962962962962963
0.9362490733876947,0.9713304721030042,0.6883116883116884,0.6000000000000001,0.3333333333333333
0.5596738324684952,0.5481545064377683,0.6623376623376622,0.6705882352941175,0.24074074074074076
0.4899925871015568,0.47427753934191685,0.6753246753246753,0.4823529411764706,0.0
0.6130467012601929,0.6143061516452074,0.4155844155844155,0.4470588235294118,0.3148148148148148
0.5819125277983693,0.5733905579399142,0.1558441558441559,0.5294117647058822,0.14814814814814814
0.603409933283914,0.600972818311874,0.31168831168831157,0.6235294117647059,0.6111111111111112
0.3224610822831727,0.278340486409156,0.37662337662337664,0.588235294117647,0.0
0.4551519644180875,0.43221745350500707,0.7792207792207793,0.5647058823529412,0.07407407407407407
0.5544848035581913,0.5389413447782546,0.4155844155844155,0.4588235294117647,0.25925925925925924
0.6056338028169016,0.6036051502145924,0.4285714285714286,0.4823529411764706,0.537037037037037
0.3306152705707932,0.285379113018598,0.4545454545454546,0.6235294117647059,0.0
0.2727946627131208,0.22151645207439197,0.7272727272727273,0.31764705882352945,0.0
0.553002223869533,0.5362517882689556,0.4285714285714286,0.5058823529411764,0.574074074074074
0.8161601186063752,0.8556795422031472,0.33766233766233755,0.30588235294117644,0.16666666666666666
0.6723498888065234,0.6826895565092991,0.5194805194805194,0.5294117647058822,0.574074074074074
0.4373610081541883,0.4103576537911301,0.7142857142857142,0.5294117647058822,0.3333333333333333
0.6723498888065234,0.6823462088698139,0.3896103896103895,0.37647058823529417,0.05555555555555555
0.3832468495181617,0.3483834048640915,0.33766233766233755,0.6588235294117646,0.0
0.7131208302446258,0.7301287553648067,0.5064935064935063,0.4705882352941177,0.37037037037037035
0.32023721275018535,0.27519313304721027,0.4415584415584415,0.5294117647058822,0.16666666666666666
0.6271312083024463,0.630615164520744,0.5584415584415583,0.5058823529411764,0.27777777777777773
0.4262416604892514,0.39708154506437765,0.6103896103896103,0.6352941176470588,0.09259259259259259
0.42846553002223875,0.3688698140200286,0.48051948051948057,0.6352941176470588,0.18518518518518517
0.5470719051149,0.5351645207439198,0.5324675324675325,0.30588235294117644,0.16666666666666666
0.4951816160118607,0.4802861230329041,0.48051948051948057,0.5294117647058822,0.0
0.4321719792438843,0.40371959942775393,0.35064935064935066,0.6470588235294117,0.0
0.6767976278724982,0.6874391988555079,0.5714285714285714,0.411764705882353,0.18518518518518517
0.7998517420311342,0.834907010014306,0.24675324675324672,0.4588235294117647,0.2037037037037037
0.40770941438102304,0.3757367668097281,0.6233766233766234,0.6705882352941175,0.0
0.7079318013343218,0.7240057224606581,0.3896103896103895,0.6705882352941175,0.27777777777777773
0.518902891030393,0.5079828326180257,0.48051948051948057,0.6000000000000001,0.0
0.6234247590808006,0.6267811158798283,0.4415584415584415,0.36470588235294116,0.4259259259259259
0.6315789473684211,0.6360515021459227,0.33766233766233755,0.5647058823529412,0.037037037037037035
0.46478873239436624,0.4252932761087268,0.48051948051948057,0.4941176470588235,0.05555555555555555
0.6189770200148259,0.6222031473533619,0.5584415584415583,0.25882352941176473,0.018518518518518517
0.4477390659747962,0.42323319027181683,0.46753246753246747,0.7176470588235293,0.018518518518518517
0.3617494440326168,0.3219456366237482,0.4415584415584415,0.588235294117647,0.12962962962962962
0.731653076352854,0.752618025751073,0.3246753246753247,0.38823529411764707,0.2037037037037037
0.4662713120830245,0.44474964234620873,0.5324675324675325,0.6000000000000001,0.0
0.4099332839140104,0.3782546494992848,0.5324675324675325,0.7058823529411764,0.2962962962962963
0.4662713120830245,0.4445207439198855,0.5194805194805194,0.34117647058823525,0.37037037037037035
0.7108969607116384,0.7514163090128755,0.36363636363636354,0.5411764705882354,0.037037037037037035
0.6189770200148259,0.6207153075822603,0.4155844155844155,0.4352941176470589,0.2037037037037037
0.6916234247590808,0.7031187410586551,0.4415584415584415,0.411764705882353,0.2222222222222222
0.7153446997776131,0.7340200286123032,0.6753246753246753,0.30588235294117644,0.3518518518518518
0.44180874722016317,0.4169384835479256,0.6233766233766234,0.8470588235294116,0.16666666666666666
0.480355819125278,0.4612875536480686,0.5584415584415583,0.6352941176470588,0.12962962962962962
0.5492957746478874,0.5323032904148784,0.5974025974025972,0.4941176470588235,0.4259259259259259
0.4536693847294293,0.4076680972818312,0.4155844155844155,0.5058823529411764,0.3518518518518518
0.36471460340993334,0.3262374821173105,0.5714285714285714,0.6235294117647059,0.3518518518518518
0.7249814677538919,0.7450071530758225,0.6103896103896103,0.4470588235294118,0.25925925925925924
0.6604892512972572,0.6696995708154506,0.5844155844155845,0.5647058823529412,0.0
0.6330615270570794,0.6378254649499285,0.6363636363636365,0.27058823529411763,0.2222222222222222
0.630096367679763,0.6341058655221744,0.2857142857142856,0.411764705882353,0.0
0.5352112676056339,0.5169098712446353,0.46753246753246747,0.5411764705882354,0.0
0.742031134173462,0.7661230329041487,0.35064935064935066,0.4705882352941177,0.16666666666666666
0.3610081541882877,0.3214878397711015,0.5584415584415583,0.4941176470588235,0.07407407407407407
0.502594514455152,0.4894420600858368,0.3246753246753247,0.6588235294117646,0.0
0.4544106745737584,0.40927038626609435,0.4025974025974026,0.4588235294117647,0.0
0.31875463306152707,0.2741630901287553,0.6883116883116884,0.4705882352941177,0.07407407407407407
0.659006671608599,0.6791416309012875,0.5844155844155845,0.7058823529411764,0.05555555555555555
0.3810229799851742,0.34494992846924166,0.4545454545454546,0.5176470588235293,0.0
0.42698295033358047,0.39736766809728175,0.5194805194805194,0.5058823529411764,0.0
0.6434395848776873,0.6495565092989987,0.5324675324675325,0.36470588235294116,0.3148148148148148
0.7835433654558934,0.8159656652360515,0.3896103896103895,0.5411764705882354,0.2222222222222222
0.7027427724240178,0.716280400572246,0.4415584415584415,0.6941176470588235,0.3518518518518518
0.4091919940696813,0.37739628040057227,0.5714285714285714,0.7058823529411764,0.12962962962962962
0.6286137879911046,0.6325035765379111,0.2857142857142856,0.2117647058823529,0.0
0.4959229058561898,0.4689556509298999,0.6623376623376622,0.411764705882353,0.037037037037037035
0.47071905114899937,0.45104434907010016,0.6753246753246753,0.4941176470588235,0.0
0.7879911045218682,0.8229470672389126,0.5454545454545456,0.5058823529411764,0.37037037037037035
0.3951074870274277,0.35977110157367664,0.5974025974025972,0.611764705882353,0.0
0.2861378799110452,0.2349642346208869,0.6623376623376622,0.6941176470588235,0.2037037037037037
0.759080800593032,0.7854649499284693,0.5064935064935063,0.32941176470588235,0.3888888888888889
0.29873980726464056,0.25424892703862656,0.4545454545454546,0.30588235294117644,0.0
0.41215715344699777,0.3800286123032903,0.16883116883116878,0.5529411764705883,0.0
0.6931060044477392,0.7051216022889842,0.753246753246753,0.4823529411764706,0.05555555555555555
0.6441808747220165,0.6500143061516451,0.4025974025974026,0.4823529411764706,0.5925925925925926
0.5011119347664938,0.4760515021459226,0.2857142857142856,0.5294117647058822,0.14814814814814814
0.3535952557449964,0.3111874105865521,0.4285714285714286,0.8235294117647058,0.0
0.6338028169014085,0.6387982832618025,0.33766233766233755,0.34117647058823525,0.24074074074074076
0.2060785767234989,0.15467811158798284,0.4415584415584415,0.4352941176470589,0.0
0.7153446997776131,0.7327610872675251,0.37662337662337664,0.4705882352941177,0.18518518518518517
0.42772424017790966,0.39879828326180244,0.5324675324675325,0.6705882352941175,0.24074074074074076
0.3817642698295033,0.3467811158798284,0.5454545454545456,0.5647058823529412,0.2962962962962963
0.6234247590808006,0.6270672389127324,0.4545454545454546,0.5176470588235293,0.3148148148148148
0.6990363232023723,0.7118168812589413,0.23376623376623362,0.4352941176470589,0.48148148148148145
0.5707931801334323,0.55931330472103,0.2597402597402596,0.6705882352941175,0.0
0.2742772424017792,0.22346208869814022,0.5714285714285714,0.5294117647058822,0.1111111111111111
0.6375092661230543,0.6429756795422031,0.5194805194805194,0.4941176470588235,0.5555555555555556
0.5441067457375836,0.5265236051502146,0.3246753246753247,0.4352941176470589,0.16666666666666666
0.4025203854707191,0.36835479256080106,0.6233766233766234,0.5411764705882354,0.0
0.7368421052631581,0.7578826895565093,0.46753246753246747,0.22352941176470592,0.018518518518518517
0.5374351371386213,0.5199999999999999,0.5324675324675325,0.4470588235294118,0.2962962962962963
0.5922905856189771,0.5870100143061515,0.4155844155844155,0.5176470588235293,0.4259259259259259
0.4373610081541883,0.41058655221745344,0.4285714285714286,0.6941176470588235,0.14814814814814814
0.6293550778354337,0.6331330472103004,0.5064935064935063,0.4352941176470589,0.0
0.5492957746478874,0.5325321888412017,0.5064935064935063,0.4352941176470589,0.16666666666666666
0.39881393624907346,0.36434907010014306,0.5974025974025972,0.4823529411764706,0.2222222222222222
0.41512231282431433,0.38300429184549356,0.4285714285714286,0.6235294117647059,0.12962962962962962
0.368421052631579,0.3305865522174535,0.5324675324675325,0.5764705882352941,0.0
0.5063009636767977,0.4949356223175966,0.6363636363636365,0.6823529411764706,0.1111111111111111
0.19940696812453676,0.1420886981402003,0.2987012987012987,0.5529411764705883,0.2222222222222222
0.6471460340993329,0.6493848354792561,0.805194805194805,0.8117647058823529,0.0
0.41215715344699777,0.3806580829756795,0.4285714285714286,0.6705882352941175,0.0
0.3595255744996294,0.3192560801144493,0.5974025974025972,0.611764705882353,0.0
0.6397331356560416,0.6448640915593705,0.4415584415584415,0.5647058823529412,0.14814814814814814
0.6041512231282432,0.6018884120171674,0.36363636363636354,0.5058823529411764,0.4074074074074074
0.5959970348406227,0.591874105865522,0.4545454545454546,0.22352941176470592,0.2037037037037037
0.6901408450704226,0.7020886981402003,0.6363636363636365,0.4823529411764706,0.37037037037037035
0.43513713862120096,0.40801144492131614,0.6493506493506491,0.6352941176470588,0.0
0.4662713120830245,0.42735336194563656,0.19480519480519476,0.5647058823529412,0.16666666666666666
0.7138621200889549,0.7313304721030042,0.5064935064935063,0.24705882352941183,0.3518518518518518
0.5515196441808748,0.5343633762517882,0.4545454545454546,0.5529411764705883,0.0
0.3758339510748703,0.3392846924177396,0.5454545454545456,0.6000000000000001,0.2222222222222222
0.6375092661230543,0.6433190271816881,0.4415584415584415,0.31764705882352945,0.24074074074074076
0.5774647887323945,0.5661802575107294,0.46753246753246747,0.611764705882353,0.37037037037037035
0.4907338769458859,0.46054363376251795,0.6103896103896103,0.37647058823529417,0.5185185185185186
0.619718309859155,0.6225464949928469,0.46753246753246747,0.7294117647058822,0.2222222222222222
0.4114158636026687,0.3790557939914163,0.49350649350649345,0.4352941176470589,0.07407407407407407
0.3884358784284655,0.3536480686695279,0.6233766233766234,0.6000000000000001,0.0
0.518902891030393,0.5083834048640915,0.6103896103896103,0.8941176470588235,0.0
0.6441808747220165,0.6498998569384836,0.5844155844155845,0.38823529411764707,0.2962962962962963
0.3936249073387694,0.3586838340486409,0.37662337662337664,0.5647058823529412,0.0
0.32171979243884363,0.27765379113018596,0.7662337662337662,0.588235294117647,0.3148148148148148
0.6404744255003707,0.6463519313304721,0.4285714285714286,0.5176470588235293,0.2222222222222222
0.33506300963676805,0.29258941344778244,0.6363636363636365,0.6470588235294117,0.24074074074074076
0.7286879169755375,0.7490128755364808,0.5714285714285714,0.6470588235294117,0.037037037037037035
0.49147516679021497,0.4762231759656651,0.5064935064935063,0.4470588235294118,0.2037037037037037
0.4388435878428466,0.4123605150214591,0.46753246753246747,0.611764705882353,0.2037037037037037
0.6671608598962195,0.6774248927038625,0.4545454545454546,0.611764705882353,0.2222222222222222
0.6160118606375093,0.6176251788268955,0.5844155844155845,0.588235294117647,0.24074074074074076
0.424759080800593,0.3939914163090129,0.4025974025974026,0.5764705882352941,0.0
0.40696812453669384,0.3755078683834048,0.6753246753246753,0.5529411764705883,0.16666666666666666
0.48480355819125287,0.46758226037195993,0.3896103896103895,0.4823529411764706,0.0
0.5522609340252039,0.5427753934191702,0.48051948051948057,0.5294117647058822,0.25925925925925924
0.3587842846553002,0.31816881258941354,0.2857142857142856,0.8588235294117648,0.3333333333333333
0.45589325426241656,0.4333619456366238,0.23376623376623362,0.5294117647058822,0.0
0.4892512972572277,0.45791130185979967,0.6363636363636365,0.4823529411764706,0.46296296296296297
0.4477390659747962,0.4225464949928468,0.5064935064935063,0.7647058823529411,0.27777777777777773
0.5203854707190513,0.4997424892703862,0.46753246753246747,0.5058823529411764,0.24074074074074076
0.5300222386953299,0.5103290414878398,0.1558441558441559,0.6000000000000001,0.2222222222222222
0.39881393624907346,0.36366237482117303,0.7792207792207793,0.4705882352941177,0.0
0.4240177909562639,0.39290414878397695,0.46753246753246747,0.8588235294117648,0.0
0.40548554484803556,0.37339055793991405,0.49350649350649345,0.5058823529411764,0.37037037037037035
0.51297257227576,0.5007153075822602,0.4415584415584415,0.7176470588235293,0.2222222222222222
0.40029651593773163,0.3662947067238913,0.4415584415584415,0.6352941176470588,0.018518518518518517
0.7123795404002966,0.7293276108726753,0.33766233766233755,0.39999999999999997,0.07407407407407407
0.3810229799851742,0.34540772532188835,0.36363636363636354,0.611764705882353,0.0
0.3795404002965159,0.34369098712446344,0.49350649350649345,0.6941176470588235,0.14814814814814814
0.2935507783543365,0.24892703862660936,0.5194805194805194,0.35294117647058826,0.0
0.3328391401037806,0.2894992846924177,0.6363636363636365,0.4941176470588235,0.16666666666666666
0.41957005189028906,0.38792560801144493,0.5194805194805194,0.7647058823529411,0.3148148148148148
0.4180874722016309,0.3859799713876967,0.7272727272727273,0.5058823529411764,0.27777777777777773
0.7568569310600446,0.7824320457796853,0.6103896103896103,0.5647058823529412,0.2037037037037037
0.5374351371386213,0.5202288984263231,0.3896103896103895,0.30588235294117644,0.3888888888888889
0.3091178650852483,0.26603719599427755,0.3246753246753247,0.5058823529411764,0.0
0.5596738324684952,0.544492131616595,0.4285714285714286,0.35294117647058826,0.14814814814814814
0.4180874722016309,0.38649499284692423,0.6623376623376622,0.4235294117647059,0.0
0.37212750185322463,0.3352789699570815,0.5454545454545456,0.411764705882353,0.16666666666666666
0.6115641215715346,0.6112732474964234,0.36363636363636354,0.8235294117647058,0.07407407407407407
0.83765752409192,0.8812017167381975,0.5324675324675325,0.28235294117647064,0.0
0.4025203854707191,0.3685836909871244,0.36363636363636354,0.5764705882352941,0.2037037037037037
0.4959229058561898,0.48131616595135907,0.5844155844155845,0.611764705882353,0.037037037037037035
0.5641215715344701,0.5491845493562232,0.4025974025974026,0.4705882352941177,0.24074074074074076
0.5589325426241661,0.543519313304721,0.23376623376623362,0.5411764705882354,0.574074074074074
0.6397331356560416,0.6445779685264664,0.5194805194805194,0.4352941176470589,0.2222222222222222
0.4662713120830245,0.44457796852646625,0.6233766233766234,0.5529411764705883,0.09259259259259259
0.44180874722016317,0.4162517882689556,0.7012987012987011,0.6705882352941175,0.0
0.44848035581912526,0.42346208869814006,0.7142857142857142,0.5529411764705883,0.0
0.1378799110452187,0.09350500715307575,0.6103896103896103,0.6588235294117646,0.18518518518518517
0.43513713862120096,0.4079542203147354,0.5584415584415583,0.5529411764705883,0.0
0.44106745737583397,0.41602288984263236,0.909090909090909,0.5058823529411764,0.3333333333333333
0.5048183839881394,0.4822317596566523,0.19480519480519476,0.37647058823529417,0.3148148148148148
0.44255003706449225,0.3935336194563662,0.4545454545454546,0.11764705882352944,0.2962962962962963
0.7635285396590068,0.789241773962804,0.4545454545454546,0.27058823529411763,0.3888888888888889
0.5344699777613048,0.5157081545064378,0.5194805194805194,0.5058823529411764,0.24074074074074076
0.5196441808747221,0.4989413447782546,0.36363636363636354,0.4352941176470589,0.25925925925925924
0.295774647887324,0.25184549356223174,0.6103896103896103,0.8235294117647058,0.0
0.3165307635285397,0.27233190271816876,0.6233766233766234,0.6000000000000001,0.25925925925925924
0.4314306893995552,0.40309012875536465,0.48051948051948057,0.4470588235294118,0.09259259259259259
0.42179392142327654,0.39090128755364795,0.49350649350649345,0.588235294117647,0.05555555555555555
0.5997034840622685,0.5965092989985693,0.6233766233766234,0.36470588235294116,0.2962962962962963
0.5492957746478874,0.5326466380543634,0.49350649350649345,0.5058823529411764,0.4259259259259259
0.5174203113417346,0.5073533619456364,0.3896103896103895,0.7411764705882353,0.1111111111111111
0.2394366197183099,0.18649499284692406,0.6103896103896103,0.6235294117647059,0.0
0.368421052631579,0.3305293276108727,0.8831168831168832,0.6588235294117646,0.0
0.7509266123054115,0.7745350500715308,0.6623376623376622,0.30588235294117644,0.3518518518518518
0.5997034840622685,0.5955937052932762,0.33766233766233755,0.27058823529411763,0.037037037037037035
0.7457375833951075,0.7688125894134478,0.33766233766233755,0.5294117647058822,0.0
0.6182357301704968,0.6201430615164519,0.5974025974025972,0.5176470588235293,0.2962962962962963
0.7131208302446258,0.7296137339055794,0.37662337662337664,0.5529411764705883,0.0
0.8235730170496665,0.8675250357653791,0.4285714285714286,0.27058823529411763,0.3518518518518518
0.6397331356560416,0.6447496423462088,0.4025974025974026,0.38823529411764707,0.24074074074074076
0.7153446997776131,0.7339055793991415,0.5844155844155845,0.4235294117647059,0.5185185185185186
0.65826538176427,0.6673533619456365,0.4545454545454546,0.611764705882353,0.3333333333333333
0.5559673832468497,0.5409442060085835,0.36363636363636354,0.24705882352941183,0.07407407407407407
0.3365455893254262,0.29373390557939916,0.5584415584415583,0.5764705882352941,0.0
0.3328391401037806,0.2896709585121602,0.37662337662337664,0.4941176470588235,0.0
0.4440326167531504,0.39404864091559366,0.5454545454545456,0.5764705882352941,0.3148148148148148
0.507783543365456,0.49608011444921307,0.5584415584415583,0.6235294117647059,0.0
0.3365455893254262,0.29402002861230314,0.4285714285714286,0.611764705882353,0.0
0.619718309859155,0.6226609442060086,0.5714285714285714,0.4823529411764706,0.25925925925925924
0.659006671608599,0.6683261802575108,0.5974025974025972,0.5176470588235293,0.0
0.5841363973313566,0.5776824034334763,0.5844155844155845,0.31764705882352945,0.09259259259259259
0.782060785767235,0.8139055793991415,0.35064935064935066,0.4941176470588235,0.24074074074074076
0.34988880652335064,0.30821173104434907,0.5584415584415583,0.6470588235294117,0.0
0.7034840622683469,0.7171387696709585,0.37662337662337664,0.4470588235294118,0.3518518518518518
0.5478131949592291,0.5364234620886982,0.6103896103896103,0.6823529411764706,0.14814814814814814
0.43513713862120096,0.4080686695278969,0.8311688311688312,0.5647058823529412,0.05555555555555555
0.725722757598221,0.7451216022889843,0.6883116883116884,0.1647058823529412,0.3333333333333333
0.47146034099332845,0.43381974248927035,0.37662337662337664,0.611764705882353,0.25925925925925924
0.5967383246849519,0.5933619456366236,0.5194805194805194,0.2117647058823529,0.0
0.4321719792438843,0.40394849785407716,0.4415584415584415,0.5529411764705883,0.27777777777777773
0.46553002223869544,0.4440629470672389,0.6623376623376622,0.588235294117647,0.14814814814814814
0.4388435878428466,0.386552217453505,0.5194805194805194,0.5176470588235293,0.3333333333333333
0.7524091919940697,0.7765951359084405,0.3896103896103895,0.31764705882352945,0.0
0.5003706449221647,0.48721030042918456,0.48051948051948057,0.5647058823529412,0.0
0.5352112676056339,0.5161087267525034,0.5584415584415583,0.5647058823529412,0.12962962962962962
0.3380281690140845,0.29602288984263236,0.5584415584415583,0.8352941176470587,0.07407407407407407
0.7598220904373612,0.7867238912732476,0.4415584415584415,0.4705882352941177,0.2222222222222222
0.7108969607116384,0.7266380543633763,0.5064935064935063,0.5529411764705883,0.5555555555555556
0.613787991104522,0.6147067238912732,0.7792207792207793,0.611764705882353,0.4074074074074074
0.3736100815418829,0.3367668097281832,0.6233766233766234,0.7176470588235293,0.2037037037037037
0.4047442550037065,0.37264663805436327,0.6233766233766234,0.5411764705882354,0.0
0.38547071905114905,0.3506151645207439,0.5974025974025972,0.6470588235294117,0.3888888888888889
0.4618235730170497,0.440629470672389,0.5714285714285714,0.4705882352941177,0.07407407407407407
0.4025203854707191,0.3691559370529328,0.5454545454545456,0.6352941176470588,0.0
0.44106745737583397,0.39135908440629474,0.4155844155844155,0.4588235294117647,0.27777777777777773
0.47813194959229066,0.4602002861230329,0.4285714285714286,0.6235294117647059,0.0
0.5900667160859897,0.5844349070100142,0.19480519480519476,0.5058823529411764,0.0
0.29873980726464056,0.2545922746781115,0.5454545454545456,0.5176470588235293,0.0
0.41586360266864353,0.3832331902718168,0.33766233766233755,0.6941176470588235,0.0
0.5240919199406968,0.5031187410586552,0.7142857142857142,0.4823529411764706,0.09259259259259259
0.6730911786508526,0.683376251788269,0.5584415584415583,0.5529411764705883,0.4259259259259259
0.5989621942179393,0.5950786838340486,0.4545454545454546,0.588235294117647,0.018518518518518517
0.5196441808747221,0.5086695278969956,0.6233766233766234,0.5176470588235293,0.1111111111111111
0.2653817642698295,0.2107010014306151,0.805194805194805,0.38823529411764707,0.0
0.3750926612305412,0.3387124463519312,0.5324675324675325,0.4470588235294118,0.24074074074074076
0.6323202372127503,0.6370243204577969,0.49350649350649345,0.4235294117647059,0.2037037037037037
0.5700518902891032,0.5582260371959943,0.5974025974025972,0.6000000000000001,0.05555555555555555
0.5433654558932542,0.5254935622317597,0.805194805194805,0.6235294117647059,0.18518518518518517
0.6041512231282432,0.602346208869814,0.5714285714285714,0.588235294117647,0.27777777777777773
0.3832468495181617,0.34769670958512167,0.36363636363636354,0.5647058823529412,0.3333333333333333
0.29948109710896964,0.2552217453505008,0.49350649350649345,0.39999999999999997,0.07407407407407407
0.7709414381022981,0.801716738197425,0.3246753246753247,0.588235294117647,0.1111111111111111
0.49962935507783546,0.47502145922746786,0.5844155844155845,0.588235294117647,0.5185185185185186
0.4106745737583396,0.34884120171673816,0.5454545454545456,0.5764705882352941,0.574074074074074
0.4818383988139364,0.4488125894134477,0.2987012987012987,0.6352941176470588,0.4444444444444444
0.4106745737583396,0.378483547925608,0.4025974025974026,0.6000000000000001,0.018518518518518517
0.3958487768717569,0.3605722460658083,0.4155844155844155,0.6000000000000001,0.2222222222222222
0.5782060785767236,0.5683547925608011,0.4155844155844155,0.5529411764705883,0.0
0.47813194959229066,0.4592846924177396,0.8181818181818181,0.4705882352941177,0.07407407407407407
0.4388435878428466,0.4120743919885551,0.5064935064935063,0.5294117647058822,0.0
0.6152705707931801,0.6172818311874105,0.5714285714285714,0.4588235294117647,0.0
0.25574499629355085,0.20183118741058648,0.5844155844155845,0.7058823529411764,0.0
0.2861378799110452,0.23570815450643778,0.4415584415584415,0.5294117647058822,0.07407407407407407
0.7872498146775391,0.8210014306151644,0.4025974025974026,0.411764705882353,0.0
0.7353595255744998,0.755937052932761,0.4025974025974026,0.5176470588235293,0.3518518518518518
0.7783543365455895,0.809728183118741,0.46753246753246747,0.38823529411764707,0.16666666666666666
0.4951816160118607,0.4801144492131616,0.46753246753246747,0.6235294117647059,0.12962962962962962
0.5507783543365457,0.5337339055793991,0.5974025974025972,0.27058823529411763,0.2222222222222222
0.5411415863602669,0.5289842632331901,0.6233766233766234,0.4941176470588235,0.018518518518518517
0.19570051890289106,0.13928469241773955,0.7272727272727273,0.4823529411764706,0.0
0.630837657524092,0.6349642346208869,0.5064935064935063,0.4352941176470589,0.018518518518518517
0.22905856189770205,0.17258941344778256,0.6753246753246753,0.8235294117647058,0.1111111111111111
0.8324684951816161,0.8782260371959941,0.6493506493506491,0.4823529411764706,0.0
0.5255744996293552,0.5055221745350501,0.5844155844155845,0.22352941176470592,0.4074074074074074
0.6234247590808006,0.6267811158798283,0.36363636363636354,0.37647058823529417,0.05555555555555555
0.4988880652335064,0.4847496423462089,0.5454545454545456,0.38823529411764707,0.0
0.46553002223869544,0.44383404864091547,0.7142857142857142,0.611764705882353,0.0
0.4403261675315049,0.4148211731044349,0.48051948051948057,0.5764705882352941,0.14814814814814814
0.5070422535211269,0.4953361945636623,0.7402597402597404,0.6470588235294117,0.0
0.603409933283914,0.6008011444921316,0.5584415584415583,0.4823529411764706,0.0
0.2824314306893996,0.23187410586552215,0.6363636363636365,0.7176470588235293,0.3888888888888889
0.5670867309117865,0.5547925608011445,0.5454545454545456,0.4941176470588235,0.0
0.7583395107487028,0.7839198855507868,0.5584415584415583,0.35294117647058826,0.574074074074074
0.4306893995552261,0.40223175965665237,0.7402597402597404,0.4235294117647059,0.0
0.34766493699036327,0.3057510729613734,0.6623376623376622,0.4588235294117647,0.2962962962962963
0.5833951074870275,0.5759656652360515,0.5844155844155845,0.5529411764705883,0.0
0.6100815418828762,0.6096137339055793,0.4155844155844155,0.4941176470588235,0.6111111111111112
0.7220163083765753,0.7414020028612301,0.2727272727272727,0.4823529411764706,0.2222222222222222
0.14899925871015565,0.09871244635193133,0.6883116883116884,0.5647058823529412,0.37037037037037035
0.5448480355819126,0.5266952789699572,0.6363636363636365,0.5294117647058822,0.3518518518518518
0.5211267605633804,0.5108440629470673,0.6883116883116884,0.6352941176470588,0.0
0.5196441808747221,0.4990557939914163,0.46753246753246747,0.27058823529411763,0.09259259259259259
0.7131208302446258,0.7306437768240343,0.49350649350649345,0.29411764705882354,0.0
0.6426982950333582,0.648011444921316,0.5064935064935063,0.4235294117647059,0.5185185185185186
0.2283172720533729,0.17236051502145922,0.3246753246753247,0.7294117647058822,0.0
0.4166048925129726,0.3842632331902718,0.36363636363636354,0.4352941176470589,0.2222222222222222
0.7961452928094885,0.830901287553648,0.4285714285714286,0.38823529411764707,0.37037037037037035
0.6908821349147517,0.7027181688125893,0.2727272727272727,0.4588235294117647,0.5925925925925926
0.27872498146775393,0.22855507868383407,0.4025974025974026,0.6823529411764706,0.12962962962962962
0.2105263157894737,0.15862660944206008,0.6493506493506491,0.4352941176470589,0.0
0.4403261675315049,0.4138483547925609,0.5194805194805194,0.4470588235294118,0.0
0.4773906597479616,0.4588841201716737,0.4415584415584415,0.6470588235294117,0.0
0.6338028169014085,0.6392560801144492,0.2597402597402596,0.5294117647058822,0.537037037037037
0.47813194959229066,0.4592846924177396,0.7012987012987011,0.4352941176470589,0.0
0.39807264640474427,0.3626895565092989,0.7142857142857142,0.6823529411764706,0.0
0.29725722757598216,0.25310443490701007,0.6233766233766234,0.9411764705882353,0.0
0.4810971089696071,0.4480686695278969,0.5064935064935063,0.411764705882353,0.3518518518518518
0.630837657524092,0.6355364806866951,0.2727272727272727,0.588235294117647,0.14814814814814814
0.48702742772424024,0.454420600858369,0.6363636363636365,0.588235294117647,0.6296296296296295
0.6241660489251298,0.6280400572246064,0.35064935064935066,0.32941176470588235,0.2222222222222222
0.4314306893995552,0.4033190271816881,0.5324675324675325,0.4941176470588235,0.0
0.4440326167531504,0.4196852646638054,0.3896103896103895,0.7647058823529411,0.07407407407407407
0.3617494440326168,0.32246065808297575,0.46753246753246747,0.4352941176470589,0.018518518518518517
0.3150481838398814,0.2708440629470672,0.31168831168831157,0.4941176470588235,0.09259259259259259
0.42698295033358047,0.3975965665236052,0.5064935064935063,0.776470588235294,0.07407407407407407
0.6204595997034842,0.6092131616595134,0.7142857142857142,0.4941176470588235,0.0
0.5285396590066717,0.5174248927038626,0.6103896103896103,0.7294117647058822,0.12962962962962962
0.6730911786508526,0.6831473533619455,0.3246753246753247,0.5411764705882354,0.4259259259259259
0.597479614529281,0.5937052932761085,0.5974025974025972,0.5764705882352941,0.25925925925925924
0.31282431430689395,0.2688412017167382,0.5584415584415583,0.37647058823529417,0.0
0.3446997776130467,0.30203147353361937,0.6883116883116884,0.7176470588235293,0.0
0.7361008154188289,0.7574248927038626,0.6233766233766234,0.4941176470588235,0.2962962962962963
0.630096367679763,0.6348497854077252,0.4415584415584415,0.5411764705882354,0.05555555555555555
0.34025203854707187,0.2975679542203147,0.5194805194805194,0.5647058823529412,0.12962962962962962
0.4240177909562639,0.3935336194563662,0.5454545454545456,0.5529411764705883,0.18518518518518517
0.4321719792438843,0.4034907010014306,0.46753246753246747,0.7411764705882353,0.16666666666666666
0.4010378057820607,0.3672675250357653,0.5064935064935063,0.5294117647058822,0.07407407407407407
0.2824314306893996,0.23187410586552215,0.7272727272727273,0.5411764705882354,0.16666666666666666
0.3083765752409192,0.2656938483547925,0.4025974025974026,0.6235294117647059,0.24074074074074076
0.5277983691623426,0.5080400572246065,0.3896103896103895,0.6000000000000001,0.3518518518518518
0.30689399555226093,0.2638054363376252,0.4415584415584415,0.5411764705882354,0.0
0.4907338769458859,0.47547925608011443,0.5714285714285714,0.6823529411764706,0.0
0.4662713120830245,0.4445207439198855,0.2727272727272727,0.6000000000000001,0.09259259259259259
0.613787991104522,0.6155078683834049,0.8181818181818181,0.4823529411764706,0.4074074074074074
0.46256486286137877,0.440629470672389,0.7662337662337662,0.5058823529411764,0.14814814814814814
0.6916234247590808,0.7031187410586551,0.48051948051948057,0.5176470588235293,0.24074074074074076
0.4974054855448481,0.48309012875536483,0.5194805194805194,0.4588235294117647,0.07407407407407407
0.6923647146034101,0.7044921316165952,0.6623376623376622,0.611764705882353,0.0
0.5522609340252039,0.5348783977110155,0.5454545454545456,0.39999999999999997,0.3148148148148148
0.28465530022238694,0.2335336194563662,0.7402597402597404,0.611764705882353,0.0
0.6063750926612307,0.6045779685264664,0.2987012987012987,0.5058823529411764,0.2037037037037037
0.36249073387694586,0.3232618025751073,0.35064935064935066,0.5764705882352941,0.0
0.5989621942179393,0.5895851216022888,0.46753246753246747,0.7411764705882353,0.07407407407407407
0.3891771682727948,0.3542203147353361,0.6883116883116884,0.5294117647058822,0.14814814814814814
0.6738324684951817,0.6846351931330471,0.5584415584415583,0.39999999999999997,0.27777777777777773
0.5063009636767977,0.4837195994277539,0.5584415584415583,0.25882352941176473,0.25925925925925924
0.7020014825796888,0.7145636623748212,0.5194805194805194,0.5411764705882354,0.037037037037037035
0.6730911786508526,0.683376251788269,0.4545454545454546,0.5411764705882354,0.12962962962962962
0.4551519644180875,0.4106437768240343,0.36363636363636354,0.4705882352941177,0.3888888888888889
0.5885841363973314,0.5831187410586552,0.46753246753246747,0.22352941176470592,0.4074074074074074
0.7264640474425501,0.746552217453505,0.46753246753246747,0.611764705882353,0.2962962962962963
0.36323202372127505,0.3242346208869813,0.5324675324675325,0.4588235294117647,0.018518518518518517
0.22016308376575242,0.16423462088698138,0.5194805194805194,0.7294117647058822,0.0
0.39214232765011126,0.35759656652360516,0.6233766233766234,0.4588235294117647,0.18518518518518517
0.6782802075611565,0.6893848354792559,0.5064935064935063,0.6823529411764706,0.3518518518518518
0.49295774647887325,0.4770815450643776,0.36363636363636354,0.6352941176470588,0.05555555555555555
0.20237212750185327,0.14678111587982823,0.6363636363636365,0.588235294117647,0.1111111111111111
0.5166790214974055,0.5055221745350501,0.4155844155844155,0.5647058823529412,0.4444444444444444
0.70941438102298,0.7249213161659512,0.5194805194805194,0.28235294117647064,0.0
0.8005930318754635,0.8376537911301859,0.3896103896103895,0.39999999999999997,0.018518518518518517
0.44329132690882134,0.4182546494992846,0.5844155844155845,0.4588235294117647,0.07407407407407407
0.5982209043736101,0.5948497854077254,0.46753246753246747,0.5058823529411764,0.16666666666666666
0.7227575982209046,0.7420314735336194,0.6623376623376622,0.32941176470588235,0.09259259259259259
0.167531504818384,0.1070672389127324,0.5974025974025972,0.5176470588235293,0.14814814814814814
0.630837657524092,0.6354792560801145,0.5194805194805194,0.31764705882352945,0.4074074074074074
0.35581912527798376,0.3137625178826895,0.7012987012987011,0.7882352941176469,0.037037037037037035
0.5485544848035582,0.537167381974249,0.5974025974025972,0.7176470588235293,0.0
0.5211267605633804,0.511301859799714,0.9999999999999998,0.27058823529411763,0.2222222222222222
0.4114158636026687,0.379456366237482,0.5974025974025972,0.5764705882352941,0.05555555555555555
0.6649369903632321,0.675250357653791,0.6363636363636365,0.24705882352941183,0.0
0.5040770941438103,0.49041487839771103,0.49350649350649345,0.8823529411764706,0.0
0.8028169014084507,0.8400572246065808,0.36363636363636354,0.4941176470588235,0.24074074074074076
0.5544848035581913,0.5389985693848355,0.5584415584415583,0.4352941176470589,0.018518518518518517
0.45663454410674575,0.41573676680972815,0.4285714285714286,0.4705882352941177,0.2962962962962963
0.3372868791697554,0.29459227467811155,0.35064935064935066,0.5294117647058822,0.037037037037037035
0.27131208302446264,0.22008583690987116,0.49350649350649345,0.5058823529411764,0.05555555555555555
0.6627131208302447,0.6723891273247496,0.4285714285714286,0.5529411764705883,0.037037037037037035
0.6745737583395108,0.6848068669527897,0.5844155844155845,0.4352941176470589,0.4074074074074074
0.3973313565604152,0.3622889842632331,0.4415584415584415,0.6235294117647059,0.5555555555555556
0.6145292809488511,0.616766809728183,0.5844155844155845,0.37647058823529417,0.4259259259259259
0.5900667160859897,0.5846065808297566,0.3246753246753247,0.4941176470588235,0.4444444444444444
0.3580429948109711,0.31742489270386254,0.6363636363636365,0.611764705882353,0.25925925925925924
0.603409933283914,0.6012589413447783,0.36363636363636354,0.29411764705882354,0.6851851851851851
0.742031134173462,0.7652646638054365,0.6883116883116884,0.4941176470588235,0.0
0.8324684951816161,0.8779971387696709,0.5714285714285714,0.411764705882353,0.2222222222222222
0.5085248332097851,0.4963662374821173,0.5714285714285714,0.5529411764705883,0.037037037037037035
0.3602668643439585,0.3204005722460658,0.5584415584415583,0.776470588235294,0.037037037037037035
0.5997034840622685,0.5963948497854076,0.48051948051948057,0.6352941176470588,0.2222222222222222
0.30689399555226093,0.2639198855507868,0.6493506493506491,0.6588235294117646,0.14814814814814814
0.5670867309117865,0.5546781115879827,0.5324675324675325,0.4352941176470589,0.3333333333333333
0.8621200889547815,0.8993991416309012,0.4025974025974026,0.5529411764705883,0.3888888888888889
0.39955522609340255,0.3652646638054363,0.6753246753246753,0.7058823529411764,0.0
0.5826538176426984,0.5749928469241775,0.4415584415584415,0.37647058823529417,0.25925925925925924
0.301704966641957,0.258483547925608,0.6493506493506491,0.5764705882352941,0.24074074074074076
0.7272053372868792,0.7469527896995708,0.48051948051948057,0.5764705882352941,0.0
0.5248332097850259,0.504892703862661,0.4285714285714286,0.4235294117647059,0.46296296296296297
0.37657524091919936,0.3399713876967094,0.2987012987012987,0.5294117647058822,0.0
0.3891771682727948,0.35473533619456366,0.4545454545454546,0.35294117647058826,0.0
0.5248332097850259,0.5137625178826896,0.6103896103896103,0.4352941176470589,0.12962962962962962
0.6627131208302447,0.6726180257510729,0.35064935064935066,0.7647058823529411,0.49999999999999994
0.34173461823573026,0.29945636623748206,0.4415584415584415,0.6470588235294117,0.1111111111111111
0.7435137138621202,0.7674391988555079,0.36363636363636354,0.7058823529411764,0.3518518518518518
0.7835433654558934,0.8158512160228898,0.4545454545454546,0.1647058823529412,0.037037037037037035
0.5648628613787992,0.5501001430615163,0.5324675324675325,0.4588235294117647,0.3518518518518518
0.6011860637509268,0.5978254649499283,0.3896103896103895,0.4588235294117647,0.07407407407407407
0.4403261675315049,0.41373390557939915,0.3896103896103895,0.7529411764705882,0.0
0.4825796886582655,0.46580829756795417,0.4025974025974026,0.6823529411764706,0.12962962962962962
0.37212750185322463,0.33505007153075816,0.8181818181818181,0.5411764705882354,0.0
0.4536693847294293,0.4298712446351931,0.5064935064935063,0.4705882352941177,0.18518518518518517
0.5285396590066717,0.5174248927038626,0.4545454545454546,0.5764705882352941,0.18518518518518517
0.3810229799851742,0.3448927038626609,0.7142857142857142,0.5058823529411764,0.0
0.5959970348406227,0.5923891273247496,0.23376623376623362,0.611764705882353,0.18518518518518517
0.34247590808005934,0.30031473533619457,0.6753246753246753,0.5411764705882354,0.0
0.7516679021497407,0.7756223175965665,0.36363636363636354,0.38823529411764707,0.27777777777777773
0.4091919940696813,0.37728183118741054,0.7142857142857142,0.7529411764705882,0.0
0.624907338769459,0.6287839771101572,0.6103896103896103,0.5764705882352941,0.0
0.5352112676056339,0.5247496423462089,0.6233766233766234,0.611764705882353,0.2222222222222222
0.5404002965159378,0.5277825464949929,0.6493506493506491,0.39999999999999997,0.07407407407407407
0.4262416604892514,0.39639484978540773,0.8311688311688312,0.4235294117647059,0.0
0.3254262416604893,0.28183118741058644,0.4415584415584415,0.4941176470588235,0.25925925925925924
0.8124536693847295,0.8534477825464949,0.7142857142857142,0.5058823529411764,0.05555555555555555
0.7442550037064494,0.7677825464949929,0.6623376623376622,0.31764705882352945,0.48148148148148145
0.6108228317272054,0.61035765379113,0.49350649350649345,0.6588235294117646,0.18518518518518517
0.41586360266864353,0.3832331902718168,0.4415584415584415,0.6588235294117646,0.4259259259259259
0.37212750185322463,0.3348783977110157,0.46753246753246747,0.8235294117647058,0.537037037037037
0.5381764269829504,0.5204005722460657,0.49350649350649345,0.588235294117647,0.14814814814814814
0.4529280948851001,0.42964234620886976,0.5974025974025972,0.5058823529411764,0.2037037037037037
0.5833951074870275,0.5760228898426322,0.4025974025974026,0.4470588235294118,0.0
0.7264640474425501,0.746552217453505,0.3246753246753247,0.5529411764705883,0.0
0.7138621200889549,0.7309298998569386,0.4545454545454546,0.1411764705882353,0.18518518518518517
0.39955522609340255,0.3650357653791131,0.7012987012987011,0.5294117647058822,0.37037037037037035
0.6026686434395849,0.6001144492131617,0.46753246753246747,0.32941176470588235,0.018518518518518517
0.6441808747220165,0.6497854077253219,0.35064935064935066,0.5411764705882354,0.16666666666666666
0.747961452928095,0.7700715307582261,0.5194805194805194,0.4941176470588235,0.07407407407407407
0.6612305411415865,0.6704434907010014,0.49350649350649345,0.4941176470588235,0.4444444444444444
0.7442550037064494,0.7679542203147353,0.37662337662337664,0.4941176470588235,0.24074074074074076
0.4106745737583396,0.3785979971387695,0.5844155844155845,0.7294117647058822,0.018518518518518517
0.597479614529281,0.5938769670958511,0.37662337662337664,0.37647058823529417,0.5185185185185186
0.6990363232023723,0.7118741058655221,0.2857142857142856,0.39999999999999997,0.4074074074074074
0.7516679021497407,0.7759084406294706,0.5844155844155845,0.24705882352941183,0.2037037037037037
0.2816901408450704,0.2316452074391988,0.6363636363636365,0.5529411764705883,0.018518518518518517
0.7598220904373612,0.7856938483547925,0.4155844155844155,0.23529411764705882,0.27777777777777773
0.6048925129725723,0.6034334763948498,0.4025974025974026,0.1411764705882353,0.18518518518518517
0.257227575982209,0.20320457796852642,0.4025974025974026,0.7882352941176469,0.05555555555555555
0.34914751667902155,0.30723891273247483,0.49350649350649345,0.29411764705882354,0.0
0.7509266123054115,0.7752789699570816,0.6103896103896103,0.38823529411764707,0.0
0.5744996293550779,0.5631473533619454,0.3246753246753247,0.4588235294117647,0.18518518518518517
0.5744996293550779,0.5621745350500714,0.6753246753246753,0.6470588235294117,0.2222222222222222
0.40845070422535223,0.3771673819742488,0.3896103896103895,0.611764705882353,0.0
0.30689399555226093,0.2639198855507868,0.6103896103896103,0.7058823529411764,0.2037037037037037
0.4551519644180875,0.41058655221745344,0.4415584415584415,0.6000000000000001,0.537037037037037
0.3083765752409192,0.2656938483547925,0.6363636363636365,0.7176470588235293,0.037037037037037035
0.39881393624907346,0.3641773962804006,0.4025974025974026,0.6235294117647059,0.0
0.6404744255003707,0.646409155937053,0.20779220779220764,0.411764705882353,0.07407407407407407
0.13194959229058564,0.08526466380543629,0.6623376623376622,0.4470588235294118,0.0
0.5270570793180134,0.5068383404864091,0.4155844155844155,0.4352941176470589,0.2962962962962963
0.30763528539659013,0.2646638054363375,0.753246753246753,0.30588235294117644,0.18518518518518517
0.5641215715344701,0.5517024320457796,0.5064935064935063,0.7529411764705882,0.0
0.3936249073387694,0.35902718168812586,0.31168831168831157,0.5647058823529412,0.09259259259259259
0.5641215715344701,0.5487839771101574,0.5324675324675325,0.4470588235294118,0.574074074074074
0.6271312083024463,0.6303862660944205,0.4415584415584415,0.5176470588235293,0.05555555555555555
0.32839140103780573,0.2836623748211732,0.9610389610389609,0.5764705882352941,0.25925925925925924
0.6508524833209786,0.6593419170243203,0.6493506493506491,0.411764705882353,0.8518518518518519
0.6108228317272054,0.6010872675250357,0.49350649350649345,0.2117647058823529,0.27777777777777773
0.24462564862861383,0.19113018597997133,0.6753246753246753,0.7647058823529411,0.25925925925925924
0.46553002223869544,0.44429184549356227,0.6493506493506491,0.588235294117647,0.0
0.5433654558932542,0.5312160228898427,0.6883116883116884,0.4352941176470589,0.037037037037037035
0.3661971830985916,0.3285836909871245,0.805194805194805,0.8588235294117648,0.0
0.5997034840622685,0.596623748211731,0.4155844155844155,0.4823529411764706,0.537037037037037
0.37879911045218684,0.34237482117310447,0.49350649350649345,0.7176470588235293,0.0
0.6790214974054856,0.6899570815450643,0.5844155844155845,0.35294117647058826,0.12962962962962962
0.597479614529281,0.5938769670958511,0.3246753246753247,0.24705882352941183,0.4444444444444444
0.35656041512231285,0.315593705293276,0.5844155844155845,0.7176470588235293,0.0
0.6968124536693848,0.709241773962804,0.23376623376623362,0.5058823529411764,0.0
0.5744996293550779,0.5625178826895564,0.5194805194805194,0.29411764705882354,0.6666666666666667
0.6708673091178652,0.6802861230329039,0.48051948051948057,0.35294117647058826,0.4259259259259259
0.5470719051149,0.5290987124463519,0.3246753246753247,0.4352941176470589,0.037037037037037035
0.7776130467012603,0.8081258941344777,0.35064935064935066,0.411764705882353,0.12962962962962962
0.38398813936249077,0.3486695278969957,0.6883116883116884,0.5647058823529412,0.0
0.6389918458117124,0.6441773962804006,0.2597402597402596,0.611764705882353,0.4444444444444444
0.7116382505559675,0.7274391988555079,0.5584415584415583,0.4470588235294118,0.0
0.5715344699777614,0.5589699570815451,0.5584415584415583,0.39999999999999997,0.3518518518518518
0.35507783543365457,0.3129041487839771,0.5324675324675325,0.6705882352941175,0.0
0.6990363232023723,0.7117596566523604,0.24675324675324672,0.37647058823529417,0.2222222222222222
0.26908821349147516,0.21550786838340485,0.5844155844155845,0.6235294117647059,0.2037037037037037
0.6938472942920683,0.7058082975679542,0.5064935064935063,0.6000000000000001,0.7407407407407407
0.5804299481097109,0.5716738197424892,0.4155844155844155,0.38823529411764707,0.24074074074074076
0.44996293550778355,0.3978826895565092,0.16883116883116878,0.4588235294117647,0.3518518518518518
0.6404744255003707,0.6458369098712445,0.5194805194805194,0.4470588235294118,0.37037037037037035
0.6011860637509268,0.5985121602288984,0.4285714285714286,0.4235294117647059,0.24074074074074076
0.6723498888065234,0.6826895565092991,0.2597402597402596,0.25882352941176473,0.48148148148148145
0.5945144551519645,0.5850071530758226,0.6493506493506491,0.8823529411764706,0.14814814814814814
0.4907338769458859,0.4753648068669528,0.48051948051948057,0.6941176470588235,0.09259259259259259
0.5833951074870275,0.5767668097281832,0.37662337662337664,0.4588235294117647,0.3148148148148148
0.34173461823573026,0.29905579399141635,0.4545454545454546,0.4235294117647059,0.0
0.5574499629355079,0.5467811158798283,0.6883116883116884,0.7882352941176469,0.1111111111111111
0.530763528539659,0.5106151645207438,0.48051948051948057,0.6705882352941175,0.1111111111111111
0.44329132690882134,0.4192274678111588,0.5974025974025972,0.4941176470588235,0.14814814814814814
0.5174203113417346,0.49596566523605146,0.5714285714285714,0.5764705882352941,0.5555555555555556
0.5166790214974055,0.5064949928469241,0.36363636363636354,0.6588235294117646,0.0
0.3884358784284655,0.3535336194563662,0.5974025974025972,0.7529411764705882,0.07407407407407407
0.39807264640474427,0.36246065808297556,0.6233766233766234,0.7294117647058822,0.0
0.7064492216456636,0.7216022889842634,0.6363636363636365,0.27058823529411763,0.0
0.7153446997776131,0.7333905579399141,0.6753246753246753,0.588235294117647,0.5555555555555556
0.70941438102298,0.7252646638054362,0.35064935064935066,0.4588235294117647,0.05555555555555555
0.3958487768717569,0.36062947067238904,0.4155844155844155,0.776470588235294,0.12962962962962962
0.7361008154188289,0.7564520743919884,0.4155844155844155,0.35294117647058826,0.27777777777777773
0.480355819125278,0.4613447782546495,0.4545454545454546,0.611764705882353,0.0
0.9184581171237955,0.9563948497854077,0.4415584415584415,0.5411764705882354,0.3333333333333333
0.18902891030392885,0.13024320457796845,0.6493506493506491,0.6705882352941175,0.09259259259259259
0.4766493699036324,0.45791130185979967,0.5584415584415583,0.6235294117647059,0.12962962962962962
0.7538917716827281,0.7775107296137339,0.4415584415584415,0.39999999999999997,0.2962962962962963
0.41215715344699777,0.3799141630901287,0.753246753246753,0.4235294117647059,0.0
0.5700518902891032,0.5570815450643777,0.20779220779220764,0.6588235294117646,0.2222222222222222
0.7501853224610824,0.7735050071530759,0.6233766233766234,0.4235294117647059,0.25925925925925924
0.6293550778354337,0.6335908440629471,0.2987012987012987,0.4823529411764706,0.0
0.35581912527798376,0.3137625178826895,0.8701298701298701,0.5647058823529412,0.018518518518518517
0.5811712379540401,0.5723032904148785,0.6753246753246753,0.5411764705882354,0.037037037037037035
0.6182357301704968,0.6203719599427754,0.5714285714285714,0.6000000000000001,0.6111111111111112
0.16234247590808012,0.10426323319027175,0.5064935064935063,0.6588235294117646,0.07407407407407407
0.5930318754633063,0.5879256080114449,0.4545454545454546,0.611764705882353,0.24074074074074076
0.42772424017790966,0.39793991416309016,0.33766233766233755,0.6000000000000001,0.2037037037037037
0.5166790214974055,0.506552217453505,0.4155844155844155,0.8117647058823529,0.09259259259259259
0.39140103780578206,0.35633762517882683,0.6623376623376622,0.6588235294117646,0.27777777777777773
0.4988880652335064,0.48452074391988553,0.5974025974025972,0.7647058823529411,0.07407407407407407
0.2394366197183099,0.18666666666666665,0.5064935064935063,0.32941176470588235,0.037037037037037035
0.6953298739807265,0.7079828326180256,0.33766233766233755,0.5411764705882354,0.3333333333333333
0.46404744255003716,0.44200286123032895,0.5584415584415583,0.776470588235294,0.07407407407407407
0.4773906597479616,0.4585979971387697,0.4545454545454546,0.5294117647058822,0.018518518518518517
0.6538176426982951,0.6630042918454936,0.4155844155844155,0.588235294117647,0.4074074074074074
0.5811712379540401,0.5723032904148785,0.5714285714285714,0.31764705882352945,0.3518518518518518
0.3965900667160861,0.36120171673819734,0.6363636363636365,0.8117647058823529,0.0
0.42105263157894746,0.3895278969957082,0.6753246753246753,0.6588235294117646,0.0
0.6397331356560416,0.6454363376251789,0.46753246753246747,0.5764705882352941,0.3148148148148148
0.586360266864344,0.5795135908440628,0.7142857142857142,0.5176470588235293,0.0
0.49295774647887325,0.4630615164520744,0.35064935064935066,0.5411764705882354,0.574074074074074
0.39214232765011126,0.3578254649499284,0.6363636363636365,0.4705882352941177,0.0
0.518902891030393,0.4989413447782546,0.36363636363636354,0.4705882352941177,0.09259259259259259
0.37731653076352867,0.34071530758226043,0.6363636363636365,0.4352941176470589,0.25925925925925924
0.2831727205337288,0.23290414878397703,0.49350649350649345,0.9411764705882353,0.14814814814814814
0.37212750185322463,0.33482117310443493,0.4545454545454546,0.7058823529411764,0.18518518518518517
0.5878428465530023,0.581173104434907,0.4025974025974026,0.5294117647058822,0.5185185185185186
0.6708673091178652,0.6810300429184549,0.5324675324675325,0.4352941176470589,0.6111111111111112
0.6634544106745739,0.6731330472103002,0.2857142857142856,0.776470588235294,0.14814814814814814
0.5878428465530023,0.5818597997138769,0.1298701298701299,0.5411764705882354,0.18518518518518517
0.759080800593032,0.7841487839771101,0.5844155844155845,0.39999999999999997,0.37037037037037035
0.5611564121571535,0.5497567954220316,0.48051948051948057,0.6705882352941175,0.24074074074074076
0.4610822831727206,0.43954220314735326,0.7142857142857142,0.5058823529411764,0.0
0.6263899184581172,0.6297567954220314,0.6753246753246753,0.4352941176470589,0.24074074074074076
0.6041512231282432,0.6021173104434906,0.2987012987012987,0.4235294117647059,0.24074074074074076
0.26241660489251306,0.20824034334763952,0.5974025974025972,0.6470588235294117,0.0
0.3825055596738325,0.34683834048640916,0.6363636363636365,0.5764705882352941,0.05555555555555555
0.3306152705707932,0.28612303290414864,0.5714285714285714,0.6000000000000001,0.09259259259259259
0.608598962194218,0.6069814020028613,0.5844155844155845,0.4470588235294118,0.2962962962962963
0.2579688658265382,0.2042346208869814,0.46753246753246747,0.5294117647058822,0.0
0.4114158636026687,0.3519313304721029,0.6103896103896103,0.5176470588235293,0.05555555555555555
0.5033358042994811,0.4898426323319027,0.7142857142857142,0.6352941176470588,0.0
0.4099332839140104,0.3779113018597997,0.5584415584415583,0.611764705882353,0.0
0.4314306893995552,0.4028612303290414,0.6883116883116884,0.5411764705882354,0.05555555555555555
0.6745737583395108,0.6849785407725323,0.5584415584415583,0.5764705882352941,0.3518518518518518
0.33432171979243885,0.29161659513590843,0.5584415584415583,0.6588235294117646,0.07407407407407407
0.5796886582653817,0.5701859799713876,0.4545454545454546,0.4352941176470589,0.12962962962962962
0.47220163083765754,0.4370243204577968,0.5194805194805194,0.5176470588235293,0.25925925925925924
0.6945885841363975,0.7066094420600858,0.35064935064935066,0.5529411764705883,0.48148148148148145
0.5819125277983693,0.5742489270386267,0.36363636363636354,0.5176470588235293,0.07407407407407407
0.36397331356560414,0.3259513590844062,0.35064935064935066,0.5764705882352941,0.0
0.5174203113417346,0.5072961373390558,0.31168831168831157,0.6823529411764706,0.0
0.4314306893995552,0.4028612303290414,0.7922077922077924,0.6352941176470588,0.0
0.38547071905114905,0.35044349070100134,0.7272727272727273,0.4588235294117647,0.18518518518518517
0.5151964418087472,0.5047782546494993,0.6103896103896103,0.8235294117647058,0.14814814814814814
0.7716827279466272,0.8026323319027181,0.3246753246753247,0.6235294117647059,0.0
0.6256486286137881,0.6292417739628039,0.5584415584415583,0.4470588235294118,0.0
0.44329132690882134,0.41848354792560793,0.6103896103896103,0.7529411764705882,0.0
0.4684951816160119,0.4485836909871245,0.5454545454545456,0.5529411764705883,0.16666666666666666
0.37879911045218684,0.3426037195994277,0.6233766233766234,0.8470588235294116,0.0
0.5885841363973314,0.5787124463519312,0.7662337662337662,0.5764705882352941,0.0
0.29725722757598216,0.25339055793991405,0.46753246753246747,0.588235294117647,0.07407407407407407
0.40845070422535223,0.37670958512160224,0.46753246753246747,0.588235294117647,0.0
0.3595255744996294,0.31931330472103003,0.49350649350649345,0.7176470588235293,0.12962962962962962
0.2653817642698295,0.21035765379113014,0.5584415584415583,0.4705882352941177,0.0
0.3669384729429207,0.329442060085837,0.6233766233766234,0.6000000000000001,0.07407407407407407
0.46256486286137877,0.42409155937052934,0.5454545454545456,0.37647058823529417,0.3518518518518518
0.3669384729429207,0.329384835479256,0.5324675324675325,0.6823529411764706,0.0
0.42994810971089703,0.40091559370529317,0.8961038961038963,0.4823529411764706,0.0
0.3676797627872499,0.33007153075822604,0.6363636363636365,0.7058823529411764,0.1111111111111111
0.7331356560415123,0.7546208869814018,0.2857142857142856,0.30588235294117644,0.2037037037037037
0.5900667160859897,0.584206008583691,0.5324675324675325,0.38823529411764707,0.2037037037037037
0.5648628613787992,0.5528469241773962,0.6493506493506491,0.6941176470588235,0.12962962962962962
0.6019273535952558,0.5997711015736765,0.4155844155844155,0.7647058823529411,0.037037037037037035
0.4336545589325427,0.37911301859799706,0.5064935064935063,0.32941176470588235,0.07407407407407407
0.4388435878428466,0.4119599427753934,0.49350649350649345,0.6470588235294117,0.14814814814814814
0.41512231282431433,0.38283261802575097,0.5064935064935063,0.6588235294117646,0.07407407407407407
0.7679762787249816,0.7953648068669527,0.36363636363636354,0.30588235294117644,0.1111111111111111
0.29948109710896964,0.25567954220314726,0.6363636363636365,0.588235294117647,0.0
0.613787991104522,0.6028612303290416,0.6233766233766234,0.6235294117647059,0.0
0.4321719792438843,0.40394849785407716,0.6103896103896103,0.6588235294117646,0.0
0.613787991104522,0.6156223175965666,0.6233766233766234,0.37647058823529417,0.0
0.24907338769458862,0.1974821173104434,0.6493506493506491,0.7176470588235293,0.3333333333333333
0.32765011119347665,0.2833190271816881,0.46753246753246747,0.5764705882352941,0.05555555555555555
0.3157894736842105,0.2713018597997138,0.4545454545454546,0.7411764705882353,0.05555555555555555
0.47146034099332845,0.43582260371959936,0.5974025974025972,0.31764705882352945,0.6111111111111112
0.4306893995552261,0.4018884120171674,0.7272727272727273,0.588235294117647,0.0
0.3825055596738325,0.3473533619456366,0.6233766233766234,0.5529411764705883,0.0
0.45663454410674575,0.4343347639484978,0.4155844155844155,0.5529411764705883,0.0
0.6493699036323204,0.657739628040057,0.20779220779220764,0.4588235294117647,0.0
0.6315789473684211,0.6358798283261803,0.5064935064935063,0.36470588235294116,0.49999999999999994
0.4032616753150482,0.3698998569384836,0.5194805194805194,0.5176470588235293,0.0
0.4306893995552261,0.4026323319027182,0.1298701298701299,0.8,0.037037037037037035
0.5492957746478874,0.5323032904148784,0.48051948051948057,0.588235294117647,0.6666666666666667
0.5715344699777614,0.5590844062947068,0.3246753246753247,0.10588235294117648,0.07407407407407407
0.4166048925129726,0.383519313304721,0.33766233766233755,0.4823529411764706,0.16666666666666666
0.41289844329132686,0.3807725321888412,0.5324675324675325,0.7294117647058822,0.07407407407407407
0.48702742772424024,0.4710729613733906,0.5324675324675325,0.6941176470588235,0.09259259259259259
0.5055596738324685,0.49327610872675254,0.5324675324675325,0.5294117647058822,0.4074074074074074
0.6471460340993329,0.6501859799713877,0.5714285714285714,0.6470588235294117,0.12962962962962962
0.659006671608599,0.6676967095851215,0.5844155844155845,0.4705882352941177,0.0
0.7160859896219423,0.734763948497854,0.6233766233766234,0.8,0.14814814814814814
0.6160118606375093,0.6180257510729613,0.31168831168831157,0.5176470588235293,0.05555555555555555
0.23350630096367683,0.17602288984263226,0.6753246753246753,0.6470588235294117,0.0
0.3691623424759082,0.33121602288984253,0.48051948051948057,0.7529411764705882,0.05555555555555555
0.6701260192735361,0.68,0.4025974025974026,0.4823529411764706,0.05555555555555555
0.3306152705707932,0.2861802575107296,0.37662337662337664,0.5529411764705883,0.0
0.7160859896219423,0.7345922746781116,0.46753246753246747,0.5176470588235293,0.3148148148148148
0.4455151964418088,0.4209442060085836,0.46753246753246747,0.4588235294117647,0.0
0.5211267605633804,0.5009442060085837,0.6493506493506491,0.38823529411764707,0.37037037037037035
0.34025203854707187,0.2973962804005722,0.3896103896103895,0.611764705882353,0.09259259259259259
0.6167531504818384,0.6184263233190271,0.5324675324675325,0.6235294117647059,0.48148148148148145
0.4529280948851001,0.40623748211731037,0.46753246753246747,0.6000000000000001,0.037037037037037035
0.5033358042994811,0.48995708154506434,0.36363636363636354,0.7058823529411764,0.0
0.38398813936249077,0.34901287553648064,0.5844155844155845,0.5294117647058822,0.0
0.41957005189028906,0.38804005722460655,0.4415584415584415,0.5294117647058822,0.07407407407407407
0.3009636767976278,0.2576251788268955,0.4285714285714286,0.588235294117647,0.0
0.35656041512231285,0.314620886981402,0.33766233766233755,0.4705882352941177,0.0
0.6604892512972572,0.6698140200286123,0.3246753246753247,0.37647058823529417,0.09259259259259259
0.27131208302446264,0.22014306151645202,0.5064935064935063,0.5411764705882354,0.0
0.5552260934025204,0.540200286123033,0.4155844155844155,0.588235294117647,0.25925925925925924
0.5811712379540401,0.5723605150214591,0.4415584415584415,0.6000000000000001,0.1111111111111111
0.2535211267605634,0.1990844062947067,0.5324675324675325,0.5764705882352941,0.27777777777777773
0.8443291326908822,0.8894992846924176,0.4285714285714286,0.5176470588235293,0.37037037037037035
0.6130467012601929,0.6132761087267525,0.5324675324675325,0.4235294117647059,0.46296296296296297
0.7346182357301705,0.7549070100143062,0.5064935064935063,0.5647058823529412,0.37037037037037035
0.821349147516679,0.8635765379113017,0.6753246753246753,0.38823529411764707,0.25925925925925924
0.7872498146775391,0.8214020028612304,0.48051948051948057,0.4941176470588235,0.3148148148148148
0.6426982950333582,0.6477253218884119,0.7142857142857142,0.5176470588235293,0.6111111111111112
0.6360266864343959,0.6413733905579398,0.5844155844155845,0.36470588235294116,0.0
0.4751667902149741,0.44085836909871245,0.4415584415584415,0.35294117647058826,0.4444444444444444
0.4536693847294293,0.4297567954220315,0.4155844155844155,0.5176470588235293,0.0
0.6145292809488511,0.6164806866952789,0.36363636363636354,0.39999999999999997,0.537037037037037
0.6145292809488511,0.616423462088698,0.5714285714285714,0.588235294117647,0.05555555555555555
0.4032616753150482,0.3693276108726753,0.5064935064935063,0.6588235294117646,0.0
0.480355819125278,0.46226037195994274,0.5844155844155845,0.5294117647058822,0.0
0.5411415863602669,0.5236623748211732,0.35064935064935066,0.27058823529411763,0.5925925925925926
0.7642698295033359,0.7906723891273247,0.7402597402597404,0.411764705882353,0.07407407407407407
0.7435137138621202,0.7668097281831187,0.4545454545454546,0.6352941176470588,0.18518518518518517
0.4099332839140104,0.37785407725321885,0.857142857142857,0.4470588235294118,0.37037037037037035
0.5900667160859897,0.5842632331902718,0.49350649350649345,0.4941176470588235,0.4259259259259259
0.619718309859155,0.608412017167382,0.5454545454545456,0.5411764705882354,0.18518518518518517
0.37064492216456635,0.3322460658082975,0.5844155844155845,0.7294117647058822,0.0
0.6619718309859156,0.671244635193133,0.5974025974025972,0.4588235294117647,0.12962962962962962
0.4699777613046703,0.45001430615164517,0.4545454545454546,0.5176470588235293,0.18518518518518517
0.5018532246108229,0.4891559370529328,0.6493506493506491,0.4352941176470589,0.0
0.4025203854707191,0.3684692417739628,0.7012987012987011,0.6352941176470588,0.27777777777777773
0.21571534469977763,0.16251788268955647,0.6883116883116884,0.5411764705882354,0.12962962962962962
0.7538917716827281,0.7787124463519314,0.2987012987012987,0.5764705882352941,0.037037037037037035
0.2794662713120831,0.22884120171673816,0.4155844155844155,0.6235294117647059,0.0
0.6160118606375093,0.6173962804005723,0.4415584415584415,0.5411764705882354,0.05555555555555555
0.47146034099332845,0.4518454935622317,0.6753246753246753,0.5176470588235293,0.05555555555555555
0.3669384729429207,0.329384835479256,0.7012987012987011,0.6823529411764706,0.18518518518518517
0.5774647887323945,0.5658941344778256,0.5584415584415583,0.25882352941176473,0.12962962962962962
0.6471460340993329,0.6544778254649498,0.4155844155844155,0.37647058823529417,0.1111111111111111
0.30615270570793185,0.2632331902718168,0.5324675324675325,0.4588235294117647,0.18518518518518517
0.38398813936249077,0.3486695278969957,0.5454545454545456,0.5176470588235293,0.24074074074074076
0.5885841363973314,0.5775679542203146,0.5194805194805194,0.6705882352941175,0.05555555555555555
0.4899925871015568,0.47433476394849783,0.5844155844155845,0.6235294117647059,0.0
0.6671608598962195,0.6777110157367668,0.4285714285714286,0.588235294117647,0.18518518518518517
0.5463306152705709,0.5348783977110155,0.6493506493506491,0.5529411764705883,0.0
0.4833209785025946,0.46643776824034333,0.36363636363636354,0.5764705882352941,0.25925925925925924
0.7042253521126762,0.71862660944206,0.19480519480519476,0.5176470588235293,0.0
0.5040770941438103,0.47988555078683837,0.2597402597402596,0.36470588235294116,0.25925925925925924
0.5656041512231283,0.5512446351931329,0.5064935064935063,0.38823529411764707,0.37037037037037035
0.5441067457375836,0.5314449213161659,0.7142857142857142,0.6705882352941175,0.0
0.6382505559673833,0.6438340486409156,0.5324675324675325,0.411764705882353,0.0
0.3439584877687176,0.3015736766809728,0.4545454545454546,0.7529411764705882,0.037037037037037035
0.5263157894736843,0.5145064377682403,0.5844155844155845,0.7882352941176469,0.24074074074074076
0.7664936990363234,0.7942203147353363,0.3896103896103895,0.30588235294117644,0.3333333333333333
0.5841363973313566,0.5771101573676681,0.6623376623376622,0.32941176470588235,0.6296296296296295
0.7509266123054115,0.7740200286123032,0.4545454545454546,0.4470588235294118,0.1111111111111111
0.6434395848776873,0.6488698140200285,0.49350649350649345,0.4823529411764706,0.14814814814814814
0.5707931801334323,0.5585693848354792,0.6883116883116884,0.37647058823529417,0.1111111111111111
0.33358042994810977,0.29041487839771096,0.909090909090909,0.6000000000000001,0.1111111111111111
0.4047442550037065,0.37184549356223173,0.46753246753246747,0.6705882352941175,0.0
0.6953298739807265,0.7083834048640917,0.6103896103896103,0.4941176470588235,0.16666666666666666
0.42772424017790966,0.39822603719599425,0.4545454545454546,0.7411764705882353,0.12962962962962962
0.6212008895478133,0.6108726752503576,0.5194805194805194,0.5529411764705883,0.25925925925925924
0.3936249073387694,0.35874105865522166,0.5584415584415583,0.6235294117647059,0.0
0.6100815418828762,0.6086981402002861,0.4025974025974026,0.411764705882353,0.24074074074074076
0.2653817642698295,0.21047210300429187,0.37662337662337664,0.588235294117647,0.0
0.3320978502594515,0.28886981402002865,0.6233766233766234,0.6235294117647059,0.0
0.6538176426982951,0.6630615164520742,0.2727272727272727,0.4705882352941177,0.37037037037037035
0.5537435137138622,0.5372818311874107,0.31168831168831157,0.5411764705882354,0.14814814814814814
0.3617494440326168,0.32257510729613725,0.7792207792207793,0.4588235294117647,0.05555555555555555
0.7323943661971832,0.7536480686695278,0.5194805194805194,0.4470588235294118,0.3333333333333333
0.5352112676056339,0.515937052932761,0.3896103896103895,0.5411764705882354,0.24074074074074076
0.6145292809488511,0.6159656652360516,0.37662337662337664,0.4235294117647059,0.3518518518518518
0.6530763528539659,0.6533905579399141,0.3246753246753247,0.6941176470588235,0.07407407407407407
0.7702001482579689,0.8008583690987124,0.6883116883116884,0.5294117647058822,0.27777777777777773
0.8621200889547815,0.9008297567954221,0.5584415584415583,0.5176470588235293,0.0
0.7398072646404745,0.76137339055794,0.5454545454545456,0.1764705882352941,0.37037037037037035
0.7168272794662714,0.7351072961373389,0.5454545454545456,0.6470588235294117,0.25925925925925924
0.32023721275018535,0.27536480686695275,0.46753246753246747,0.5176470588235293,0.0
0.40177909562639,0.36778254649499287,0.7142857142857142,0.8705882352941177,0.018518518518518517
0.5240919199406968,0.5130758226037194,0.8181818181818181,0.6941176470588235,0.2037037037037037
0.4381022979985174,0.4115021459227467,0.6883116883116884,0.5411764705882354,0.18518518518518517
0.6760563380281691,0.6866952789699571,0.6623376623376622,0.39999999999999997,0.2222222222222222
0.6263899184581172,0.6294706723891271,0.4025974025974026,0.31764705882352945,0.27777777777777773
0.34988880652335064,0.30798283261802584,0.5454545454545456,0.6941176470588235,0.037037037037037035
0.5678280207561156,0.5538769670958513,0.5064935064935063,0.8470588235294116,0.25925925925925924
0.3254262416604893,0.2817739628040057,0.5584415584415583,0.6000000000000001,0.37037037037037035
0.6886582653817643,0.7010586552217454,0.753246753246753,0.37647058823529417,0.09259259259259259
0.6182357301704968,0.6049213161659514,0.7012987012987011,0.6705882352941175,0.0
0.3876945885841364,0.35256080114449206,0.753246753246753,0.36470588235294116,0.12962962962962962
0.5114899925871016,0.48978540772532186,0.4285714285714286,0.34117647058823525,0.0
0.4677538917716827,0.4476680972818312,0.3896103896103895,0.6470588235294117,0.3333333333333333
0.29280948851000743,0.24755364806866953,0.6753246753246753,0.7176470588235293,0.0
0.4885100074128985,0.47227467811158785,0.5974025974025972,0.6588235294117646,0.18518518518518517
0.3083765752409192,0.26517882689556505,0.4545454545454546,0.6941176470588235,0.0
0.8117123795404004,0.853390557939914,0.4415584415584415,0.37647058823529417,0.49999999999999994
0.32690882134914756,0.28240343347639485,0.4415584415584415,0.4941176470588235,0.16666666666666666
0.4544106745737584,0.4311301859799713,0.49350649350649345,0.7176470588235293,0.0
0.6123054114158637,0.6123032904148783,0.36363636363636354,0.411764705882353,0.018518518518518517
0.6464047442550038,0.6533333333333334,0.3896103896103895,0.4235294117647059,0.0
0.4388435878428466,0.41190271816881263,0.7922077922077924,0.4352941176470589,0.0
0.44180874722016317,0.4163662374821173,0.6623376623376622,0.7058823529411764,0.037037037037037035
0.6241660489251298,0.628555078683834,0.48051948051948057,0.7529411764705882,0.4259259259259259
0.49962935507783546,0.47433476394849783,0.5714285714285714,0.4705882352941177,0.25925925925925924
0.4306893995552261,0.40137339055793986,0.5064935064935063,0.7294117647058822,0.0
0.41289844329132686,0.38100143061516445,0.6753246753246753,0.6823529411764706,0.0
0.31875463306152707,0.27422031473533615,0.5844155844155845,0.5764705882352941,0.18518518518518517
0.44477390659747973,0.42042918454935607,0.5844155844155845,0.6705882352941175,0.0
0.4306893995552261,0.4022889842632331,0.5064935064935063,0.4823529411764706,0.0
0.5789473684210527,0.5692703862660945,0.4415584415584415,0.4823529411764706,0.07407407407407407
0.6567828020756117,0.6663233190271817,0.6623376623376622,0.5529411764705883,0.2037037037037037
0.7598220904373612,0.7864377682403433,0.11688311688311681,0.6823529411764706,0.18518518518518517
0.5730170496664196,0.5604005722460658,0.6883116883116884,0.411764705882353,0.2962962962962963
0.5159377316530764,0.493447782546495,0.4415584415584415,0.4823529411764706,0.25925925925925924
0.25648628613787994,0.2019456366237482,0.5324675324675325,0.4470588235294118,0.12962962962962962
0.2965159377316531,0.2525894134477825,0.5324675324675325,0.5411764705882354,0.24074074074074076
0.5937731653076355,0.5889556509298998,0.36363636363636354,0.39999999999999997,0.27777777777777773
0.3973313565604152,0.36177396280400564,0.6493506493506491,0.611764705882353,0.0
0.6174944403261675,0.6192846924177394,0.3896103896103895,0.5529411764705883,0.27777777777777773
0.714603409933284,0.7323032904148784,0.37662337662337664,0.6470588235294117,0.0
0.47294292068198673,0.45321888412017164,0.5194805194805194,0.5294117647058822,0.0
0.3832468495181617,0.3477539341917024,0.31168831168831157,0.588235294117647,0.0
0.7116382505559675,0.7284120171673819,0.2857142857142856,0.5058823529411764,0.3888888888888889
0.3024462564862862,0.25957081545064375,0.5974025974025972,0.4941176470588235,0.07407407407407407
0.5885841363973314,0.5792846924177396,0.31168831168831157,0.35294117647058826,0.27777777777777773
0.6908821349147517,0.7027753934191702,0.18181818181818166,0.38823529411764707,0.3148148148148148
0.368421052631579,0.3307010014306152,0.6753246753246753,0.4941176470588235,0.0
0.3580429948109711,0.3165092989985693,0.2857142857142856,0.37647058823529417,0.0
0.6041512231282432,0.601602288984263,0.6233766233766234,0.588235294117647,0.4444444444444444
0.45885841363973323,0.4369098712446352,0.4155844155844155,0.5058823529411764,0.14814814814814814
0.781319495922906,0.8129327610872675,0.4415584415584415,0.5294117647058822,0.24074074074074076
0.6041512231282432,0.5952503576537912,0.6493506493506491,0.4588235294117647,0.0
0.7005189028910305,0.7135908440629471,0.5974025974025972,0.35294117647058826,0.05555555555555555
0.5611564121571535,0.5459799713876966,0.4545454545454546,0.5294117647058822,0.09259259259259259
0.7205337286879171,0.7387124463519313,0.5064935064935063,0.5647058823529412,0.27777777777777773
0.5678280207561156,0.5539914163090128,0.7012987012987011,0.34117647058823525,0.0
0.6664195700518903,0.6767954220314735,0.4415584415584415,0.588235294117647,0.24074074074074076
0.31282431430689395,0.26918454935622316,0.6623376623376622,0.6470588235294117,0.12962962962962962
0.4744255003706449,0.43959942775393424,0.48051948051948057,0.4588235294117647,0.46296296296296297
0.5878428465530023,0.5825464949928468,0.35064935064935066,0.4823529411764706,0.6481481481481481
0.30689399555226093,0.264492131616595,0.6233766233766234,0.5176470588235293,0.0
0.6315789473684211,0.6363948497854076,0.5064935064935063,0.588235294117647,0.3888888888888889
0.46478873239436624,0.4432618025751073,0.5844155844155845,0.4470588235294118,0.07407407407407407
0.5433654558932542,0.5252074391988554,0.7142857142857142,0.37647058823529417,0.12962962962962962
0.5744996293550779,0.5632045779685265,0.22077922077922074,0.5176470588235293,0.12962962962962962
0.4610822831727206,0.4394849785407725,0.49350649350649345,0.588235294117647,0.0
0.2661230541141587,0.21144492131616588,0.5974025974025972,0.5294117647058822,0.0
0.5700518902891032,0.5574248927038626,0.31168831168831157,0.5647058823529412,0.5185185185185186
0.4544106745737584,0.4313018597997138,0.5324675324675325,0.4235294117647059,0.05555555555555555
0.6893995552260935,0.7018025751072962,0.4025974025974026,0.6000000000000001,0.18518518518518517
0.41363973313565605,0.38128755364806854,0.7142857142857142,0.5294117647058822,0.018518518518518517
0.7487027427724242,0.7703004291845493,0.48051948051948057,0.32941176470588235,0.037037037037037035
0.46478873239436624,0.42592274678111586,0.36363636363636354,0.4352941176470589,0.3148148148148148
0.5641215715344701,0.5498712446351931,0.2857142857142856,0.5647058823529412,0.3518518518518518
0.5233506300963677,0.5126752503576538,0.5324675324675325,0.5176470588235293,0.18518518518518517
0.6945885841363975,0.7071816881258942,0.6883116883116884,0.4941176470588235,0.4444444444444444
0.4032616753150482,0.3700143061516451,0.5454545454545456,0.5647058823529412,0.18518518518518517
0.3810229799851742,0.3456366237482117,0.5324675324675325,0.37647058823529417,0.09259259259259259
0.44477390659747973,0.42042918454935607,0.5064935064935063,0.7529411764705882,0.0
0.7664936990363234,0.7942203147353363,0.33766233766233755,0.2117647058823529,0.24074074074074076
0.4262416604892514,0.39690987124463517,0.33766233766233755,0.37647058823529417,0.018518518518518517
0.7731653076352856,0.8041201716738197,0.5714285714285714,0.5647058823529412,0.2222222222222222
0.4032616753150482,0.3693276108726753,0.5454545454545456,0.611764705882353,0.2962962962962963
0.0704225352112676,0.007381974248926948,0.6623376623376622,0.5529411764705883,0.018518518518518517
0.4240177909562639,0.393247496423462,0.6623376623376622,0.588235294117647,0.4074074074074074
0.681245366938473,0.6919599427753934,0.6363636363636365,0.7176470588235293,0.2962962962962963
0.39881393624907346,0.36423462088698133,0.5974025974025972,0.5647058823529412,0.14814814814814814
0.6115641215715346,0.6016595135908441,0.922077922077922,0.5764705882352941,0.0
0.3002223869532987,0.2566523605150215,0.5584415584415583,0.6588235294117646,0.09259259259259259
0.4818383988139364,0.4492131616595135,0.7272727272727273,0.4705882352941177,0.018518518518518517
0.5003706449221647,0.4881258941344778,0.1558441558441559,0.7058823529411764,0.3888888888888889
0.67531504818384,0.6856080114449213,0.7012987012987011,0.4352941176470589,0.25925925925925924
0.6656782802075613,0.675937052932761,0.3246753246753247,0.36470588235294116,0.3888888888888889
0.7286879169755375,0.7491845493562231,0.35064935064935066,0.37647058823529417,0.2962962962962963
0.5507783543365457,0.5340200286123032,0.5974025974025972,0.5176470588235293,0.49999999999999994
0.4255003706449222,0.3950214592274677,0.46753246753246747,0.611764705882353,0.14814814814814814
0.3973313565604152,0.3614306151645207,0.4285714285714286,0.7882352941176469,0.0
0.5381764269829504,0.5208583690987124,0.5064935064935063,0.4352941176470589,0.46296296296296297
0.8028169014084507,0.8403433476394849,0.6103896103896103,0.39999999999999997,0.25925925925925924
0.5263157894736843,0.50620886981402,0.37662337662337664,0.6470588235294117,0.14814814814814814
0.5196441808747221,0.49928469241773954,0.37662337662337664,0.29411764705882354,0.05555555555555555
0.5211267605633804,0.5014020028612303,0.35064935064935066,0.4588235294117647,0.18518518518518517
0.4536693847294293,0.430557939914163,0.49350649350649345,0.6235294117647059,0.0
0.6241660489251298,0.6279256080114449,0.5324675324675325,0.4705882352941177,0.0
0.37657524091919936,0.3397424892703862,0.5064935064935063,0.6235294117647059,0.0
0.5596738324684952,0.5452932761087267,0.37662337662337664,0.37647058823529417,0.14814814814814814
0.6730911786508526,0.6838912732474965,0.10389610389610393,0.4352941176470589,0.24074074074074076
0.6619718309859156,0.6711301859799713,0.7662337662337662,0.35294117647058826,0.3148148148148148
0.46478873239436624,0.4430901287553648,0.6883116883116884,0.5647058823529412,0.18518518518518517
0.3165307635285397,0.2719885550786838,0.4415584415584415,0.5529411764705883,0.05555555555555555
0.6612305411415865,0.6701573676680973,0.4415584415584415,0.35294117647058826,0.18518518518518517
0.46478873239436624,0.442689556509299,0.4545454545454546,0.4352941176470589,0.0
0.4529280948851001,0.42941344778254653,0.49350649350649345,0.7058823529411764,0.07407407407407407
0.3595255744996294,0.3185121602288983,0.6363636363636365,0.8,0.0
0.4684951816160119,0.4481258941344778,0.48051948051948057,0.6941176470588235,0.24074074074074076
0.2824314306893996,0.23210300429184538,0.3246753246753247,0.8,0.0
0.49369903632320233,0.4781115879828326,0.4545454545454546,0.5647058823529412,0.0
0.5352112676056339,0.516280400572246,0.5974025974025972,0.4705882352941177,0.05555555555555555
0.5574499629355079,0.5466666666666665,0.6233766233766234,0.5647058823529412,0.0
0.42105263157894746,0.38929899856938477,0.6233766233766234,0.5058823529411764,0.37037037037037035
0.3810229799851742,0.34500715307582264,0.5454545454545456,0.8823529411764706,0.0
0.7108969607116384,0.7262947067238913,0.5844155844155845,0.6000000000000001,0.18518518518518517
0.6893995552260935,0.7018597997138768,0.6363636363636365,0.6352941176470588,0.3333333333333333
0.5782060785767236,0.5679542203147353,0.4415584415584415,0.5529411764705883,0.37037037037037035
0.6627131208302447,0.672560801144492,0.36363636363636354,0.4352941176470589,0.2037037037037037
0.6352853965900668,0.6405150214592273,0.5844155844155845,0.36470588235294116,0.0
0.5100074128984433,0.4980829756795422,0.5714285714285714,0.5176470588235293,0.05555555555555555
0.5211267605633804,0.5006008583690987,0.6363636363636365,0.37647058823529417,0.0
0.31875463306152707,0.2744492131616595,0.5844155844155845,0.6235294117647059,0.0
0.70941438102298,0.7250929899856938,0.5584415584415583,0.34117647058823525,0.0
0.42105263157894746,0.39072961373390547,0.753246753246753,0.7058823529411764,0.0
0.5285396590066717,0.5084978540772532,0.2987012987012987,0.4235294117647059,0.4444444444444444
0.5515196441808748,0.5416309012875536,0.46753246753246747,0.37647058823529417,0.0
0.49369903632320233,0.4785693848354792,0.5584415584415583,0.8823529411764706,0.0
0.48628613787991104,0.4686695278969957,0.6103896103896103,0.4470588235294118,0.09259259259259259
0.7049666419570053,0.7191988555078684,0.6493506493506491,0.38823529411764707,0.27777777777777773
0.5552260934025204,0.5395708154506439,0.5194805194805194,0.4352941176470589,0.18518518518518517
0.4262416604892514,0.3959942775393419,0.5584415584415583,0.7058823529411764,0.1111111111111111
0.46256486286137877,0.4244349070100143,0.2987012987012987,0.4941176470588235,0.1111111111111111
0.36471460340993334,0.326409155937053,0.5324675324675325,0.4823529411764706,0.05555555555555555
0.5337286879169756,0.5150786838340488,0.19480519480519476,0.4941176470588235,0.05555555555555555
0.39140103780578206,0.35719599427753934,0.7272727272727273,0.5176470588235293,0.2962962962962963
0.6048925129725723,0.5965665236051502,0.22077922077922074,0.5411764705882354,0.0
0.3372868791697554,0.2941917024320456,0.5454545454545456,0.4588235294117647,0.0
0.67531504818384,0.6856652360515022,0.46753246753246747,0.35294117647058826,0.2222222222222222
0.5871015567086733,0.5804864091559369,0.4545454545454546,0.39999999999999997,0.6111111111111112
0.26908821349147516,0.21739628040057224,0.6103896103896103,0.7647058823529411,0.018518518518518517
0.6560415122312826,0.6783404864091559,0.6623376623376622,0.39999999999999997,0.0
0.5804299481097109,0.5707582260371961,0.46753246753246747,0.7882352941176469,0.18518518518518517
0.4744255003706449,0.45379113018597994,0.7272727272727273,0.6823529411764706,0.037037037037037035
0.38472942920681996,0.3500429184549356,0.5454545454545456,0.6000000000000001,0.0
0.5670867309117865,0.5529613733905577,0.49350649350649345,0.4823529411764706,0.2037037037037037
0.630096367679763,0.6347925608011445,0.3246753246753247,0.35294117647058826,0.2037037037037037
0.3736100815418829,0.33693848354792544,0.5714285714285714,0.8588235294117648,0.25925925925925924
0.6263899184581172,0.6199141630901287,0.49350649350649345,0.5764705882352941,0.0
0.4536693847294293,0.4306151645207438,0.6493506493506491,0.5647058823529412,0.18518518518518517
0.35656041512231285,0.3153648068669528,0.6233766233766234,0.4705882352941177,0.2962962962962963
0.3439584877687176,0.3009442060085836,0.4545454545454546,0.5764705882352941,0.27777777777777773
0.536693847294292,0.5255507868383403,0.35064935064935066,0.6352941176470588,0.3148148148148148
0.7568569310600446,0.7830615164520743,0.5584415584415583,0.34117647058823525,0.37037037037037035
0.5433654558932542,0.5313304721030044,0.6753246753246753,0.6588235294117646,0.07407407407407407
0.681245366938473,0.692474964234621,0.4155844155844155,0.4235294117647059,0.09259259259259259
0.7538917716827281,0.7779685264663806,0.35064935064935066,0.6000000000000001,0.0
0.597479614529281,0.5938769670958511,0.7792207792207793,0.6470588235294117,0.3888888888888889
0.37805782060785775,0.3414592274678112,0.5324675324675325,0.611764705882353,0.0
0.5997034840622685,0.5965092989985693,0.20779220779220764,0.4941176470588235,0.0
0.6567828020756117,0.6660371959942776,0.4285714285714286,0.5294117647058822,0.0
0.6152705707931801,0.6168812589413447,0.49350649350649345,0.4823529411764706,0.3518518518518518
0.6412157153446998,0.6467525035765379,0.6103896103896103,0.38823529411764707,0.1111111111111111
0.42253521126760574,0.39175965665236046,0.6883116883116884,0.9176470588235293,0.0
0.4633061527057081,0.44103004291845493,0.37662337662337664,0.6823529411764706,0.037037037037037035
0.630837657524092,0.634907010014306,0.6493506493506491,0.35294117647058826,0.07407407407407407
0.5922905856189771,0.5822031473533619,0.7402597402597404,0.6352941176470588,0.05555555555555555
0.6968124536693848,0.7089556509298999,0.49350649350649345,0.5764705882352941,0.4259259259259259
0.6360266864343959,0.6414878397711016,0.37662337662337664,0.4588235294117647,0.0
0.6019273535952558,0.5994849785407727,0.4285714285714286,0.31764705882352945,0.3333333333333333
0.730911786508525,0.7516452074391989,0.49350649350649345,0.5764705882352941,0.2222222222222222
0.6212008895478133,0.6235193133047209,0.4415584415584415,0.4941176470588235,0.2222222222222222
0.6901408450704226,0.7023748211731043,0.37662337662337664,0.5411764705882354,0.18518518518518517
0.43587842846553004,0.4083547925608011,0.4285714285714286,0.611764705882353,0.18518518518518517
0.563380281690141,0.5483261802575107,0.3246753246753247,0.4705882352941177,0.0
0.6819866567828021,0.6929327610872674,0.20779220779220764,0.4235294117647059,0.2037037037037037
0.5300222386953299,0.5097567954220316,0.46753246753246747,0.4470588235294118,0.37037037037037035
0.4662713120830245,0.44543633762517876,0.5584415584415583,0.6588235294117646,0.2962962962962963
0.19792438843587842,0.14174535050071524,0.5974025974025972,0.5058823529411764,0.0
0.7790956263899186,0.8113304721030042,0.5324675324675325,0.4823529411764706,0.37037037037037035
0.323943661971831,0.28068669527896994,0.7662337662337662,0.588235294117647,0.3518518518518518
0.6375092661230543,0.6430901287553646,0.5974025974025972,0.4941176470588235,0.018518518518518517
0.558191252779837,0.5430615164520743,0.2987012987012987,0.28235294117647064,0.3888888888888889
0.4899925871015568,0.4746208869814019,0.5324675324675325,0.34117647058823525,0.018518518518518517
0.4951816160118607,0.4806866952789699,0.24675324675324672,0.6000000000000001,0.0
0.8435878428465531,0.889098712446352,0.5844155844155845,0.4235294117647059,0.14814814814814814
0.29132690882134915,0.24577968526466376,0.5194805194805194,0.7529411764705882,0.3888888888888889
0.8028169014084507,0.8431473533619455,0.2727272727272727,0.5294117647058822,0.12962962962962962
0.5544848035581913,0.5384263233190271,0.46753246753246747,0.4588235294117647,0.24074074074074076
0.2438843587842847,0.19055793991416303,0.49350649350649345,0.7294117647058822,0.0
0.5478131949592291,0.5305293276108726,0.31168831168831157,0.611764705882353,0.018518518518518517
0.5085248332097851,0.48595135908440634,0.6363636363636365,0.5529411764705883,0.14814814814814814
0.6545589325426242,0.6643204577968526,0.753246753246753,0.4941176470588235,0.37037037037037035
0.6464047442550038,0.6536766809728184,0.4155844155844155,0.27058823529411763,0.3518518518518518
0.530763528539659,0.5187982832618024,0.5714285714285714,0.6705882352941175,0.24074074074074076
0.40845070422535223,0.376766809728183,0.6493506493506491,0.31764705882352945,0.0
0.3039288361749444,0.2603719599427753,0.4025974025974026,0.6352941176470588,0.0
0.6367679762787252,0.6418884120171674,0.5584415584415583,0.39999999999999997,0.1111111111111111
0.4329132690882136,0.40440629470672385,0.5324675324675325,0.6235294117647059,0.09259259259259259
0.680504077094144,0.6915021459227467,0.5584415584415583,0.5411764705882354,0.24074074074074076
0.6560415122312826,0.6651788268955651,0.7272727272727273,0.4235294117647059,0.09259259259259259
0.6123054114158637,0.6120171673819742,0.3896103896103895,0.4705882352941177,0.3148148148148148
0.6293550778354337,0.6327896995708154,0.6363636363636365,0.35294117647058826,0.1111111111111111
0.4343958487768719,0.40658082975679544,0.5714285714285714,0.6235294117647059,0.24074074074074076
0.30467012601927357,0.2612303290414878,0.36363636363636354,0.6000000000000001,0.0
0.42846553002223875,0.3994849785407725,0.46753246753246747,0.5058823529411764,0.25925925925925924
0.8176426982950336,0.8577968526466381,0.5064935064935063,0.411764705882353,0.14814814814814814
0.4388435878428466,0.4121888412017166,0.4025974025974026,0.7294117647058822,0.0
0.30689399555226093,0.26420600858369103,0.4285714285714286,0.4235294117647059,0.24074074074074076
0.33358042994810977,0.2915021459227467,0.4545454545454546,0.8,0.05555555555555555
0.5181616011860638,0.5078111587982833,0.7792207792207793,0.6235294117647059,0.18518518518518517
0.41957005189028906,0.3880972818311874,0.5194805194805194,0.39999999999999997,0.037037037037037035
0.3602668643439585,0.32057224606580825,0.33766233766233755,0.5294117647058822,0.2037037037037037
0.8124536693847295,0.853733905579399,0.6753246753246753,0.611764705882353,0.09259259259259259
0.4618235730170497,0.44028612303290404,0.2597402597402596,0.7647058823529411,0.24074074074074076
0.5248332097850259,0.5043776824034335,0.5454545454545456,0.38823529411764707,0.07407407407407407
0.49962935507783546,0.48692417739628036,0.6363636363636365,0.5294117647058822,0.05555555555555555
0.586360266864344,0.5751645207439199,0.5454545454545456,0.8352941176470587,0.0
0.5470719051149,0.5356795422031474,0.31168831168831157,0.5058823529411764,0.12962962962962962
0.5270570793180134,0.5154792560801144,0.49350649350649345,0.7529411764705882,0.2037037037037037
0.5329873980726465,0.5212017167381974,0.6883116883116884,0.4705882352941177,0.0
0.3306152705707932,0.28526466380543636,0.5064935064935063,0.5294117647058822,0.24074074074074076
0.44996293550778355,0.4256938483547925,0.5194805194805194,0.4823529411764706,0.018518518518518517
0.6293550778354337,0.6335908440629471,0.6103896103896103,0.5411764705882354,0.16666666666666666
0.6916234247590808,0.7038626609442059,0.4025974025974026,0.5411764705882354,0.5555555555555556
0.7657524091919942,0.7915307582260372,0.4025974025974026,0.5058823529411764,0.6296296296296295
0.49444032616753164,0.47891273247496413,0.49350649350649345,0.6235294117647059,0.0
0.6938472942920683,0.7055221745350501,0.4285714285714286,0.5294117647058822,0.25925925925925924
0.22979985174203113,0.17310443490701,0.7142857142857142,0.611764705882353,0.2037037037037037
0.563380281690141,0.5515879828326181,0.5064935064935063,0.5294117647058822,0.12962962962962962
0.6701260192735361,0.6800572246065807,0.4415584415584415,0.37647058823529417,0.0
0.4047442550037065,0.3720171673819743,0.6233766233766234,0.6823529411764706,0.24074074074074076
0.5522609340252039,0.5428898426323318,0.5064935064935063,0.4470588235294118,0.0
0.4032616753150482,0.369728183118741,0.37662337662337664,0.39999999999999997,0.24074074074074076
0.39140103780578206,0.3566809728183119,0.24675324675324672,0.5647058823529412,0.3148148148148148
0.6241660489251298,0.6174535050071531,0.8441558441558443,0.7411764705882353,0.0
0.4536693847294293,0.4301573676680973,0.5064935064935063,0.7176470588235293,0.05555555555555555
0.34321719792438843,0.3003719599427753,0.5584415584415583,0.9058823529411764,0.18518518518518517
0.6212008895478133,0.6242632331902717,0.7272727272727273,0.5764705882352941,0.09259259259259259
0.47887323943661975,0.4604291845493562,0.5324675324675325,0.5764705882352941,0.0
0.374351371386212,0.3379685264663804,0.5324675324675325,0.7529411764705882,0.3333333333333333
0.586360266864344,0.5800858369098713,0.4155844155844155,0.4823529411764706,0.18518518518518517
0.21497405485544854,0.16183118741058655,0.4155844155844155,0.5058823529411764,0.0
0.586360266864344,0.5799713876967095,0.20779220779220764,0.411764705882353,0.27777777777777773
0.42994810971089703,0.400343347639485,0.5714285714285714,0.7411764705882353,0.0
0.3610081541882877,0.32103004291845494,0.6753246753246753,0.6352941176470588,0.09259259259259259
0.3899184581171239,0.35513590844062937,0.49350649350649345,0.7529411764705882,0.0
0.4751667902149741,0.45476394849785395,0.5194805194805194,0.5411764705882354,0.0
0.45885841363973323,0.43639484978540777,0.5714285714285714,0.588235294117647,0.07407407407407407
0.7872498146775391,0.820829756795422,0.4285714285714286,0.5176470588235293,0.6851851851851851
0.3587842846553002,0.31799713876967095,0.7142857142857142,0.37647058823529417,0.0
0.5396590066716087,0.5221173104434907,0.7142857142857142,0.5058823529411764,0.1111111111111111
0.5959970348406227,0.5921602288984263,0.5064935064935063,0.5764705882352941,0.2962962962962963
0.608598962194218,0.6070958512160228,0.48051948051948057,0.4470588235294118,0.09259259259259259
0.48628613787991104,0.4532761087267525,0.5324675324675325,0.35294117647058826,0.3888888888888889
0.6575240919199408,0.6670100143061516,0.6623376623376622,0.4352941176470589,0.14814814814814814
0.5819125277983693,0.5744206008583689,0.6233766233766234,0.7294117647058822,0.49999999999999994
0.5767234988880653,0.5645207439198855,0.5454545454545456,0.5176470588235293,0.25925925925925924
0.6189770200148259,0.6213447782546494,0.4155844155844155,0.31764705882352945,0.48148148148148145
0.5937731653076355,0.5891845493562232,0.5974025974025972,0.4470588235294118,0.24074074074074076
0.3795404002965159,0.34357653791130194,0.5974025974025972,0.8,0.05555555555555555
0.664195700518903,0.6750786838340485,0.46753246753246747,0.5294117647058822,0.25925925925925924
0.5774647887323945,0.5656652360515021,0.18181818181818166,0.36470588235294116,0.0
0.7902149740548554,0.825808297567954,0.6103896103896103,0.5764705882352941,0.24074074074074076
0.6271312083024463,0.6311301859799715,0.49350649350649345,0.411764705882353,0.4074074074074074
0.5856189770200149,0.5785407725321888,0.6623376623376622,0.5294117647058822,0.25925925925925924
0.257227575982209,0.203662374821173,0.5714285714285714,0.6235294117647059,0.0
0.782060785767235,0.8140772532188841,0.1298701298701299,0.6823529411764706,0.14814814814814814
0.664195700518903,0.6747353361945635,0.6623376623376622,0.6470588235294117,0.574074074074074
0.7168272794662714,0.7355650929899856,0.4415584415584415,0.4941176470588235,0.1111111111111111
0.5856189770200149,0.5791130185979972,0.33766233766233755,0.4352941176470589,0.2037037037037037
0.5833951074870275,0.5759084406294707,0.5064935064935063,0.5294117647058822,0.0
0.5811712379540401,0.5696137339055795,0.6623376623376622,0.7058823529411764,0.3518518518518518
0.352112676056338,0.30981402002861225,0.5974025974025972,0.6352941176470588,0.0
0.6367679762787252,0.6422889842632332,0.19480519480519476,0.4588235294117647,0.46296296296296297
0.4595997034840623,0.4379399141630901,0.6103896103896103,0.5764705882352941,0.24074074074074076
0.44922164566345446,0.4240343347639486,0.6363636363636365,0.5764705882352941,0.3148148148148148
0.7954040029651595,0.8300429184549355,0.5584415584415583,0.37647058823529417,0.12962962962962962
0.630096367679763,0.6347353361945637,0.49350649350649345,0.5647058823529412,0.16666666666666666
0.6093402520385471,0.6078397711015736,0.2987012987012987,0.4470588235294118,0.3888888888888889
0.4988880652335064,0.4851502145922746,0.5194805194805194,0.6588235294117646,0.07407407407407407
0.34766493699036327,0.30523605150214583,0.6753246753246753,0.4941176470588235,0.2037037037037037
0.4047442550037065,0.3720171673819743,0.46753246753246747,0.5529411764705883,0.24074074074074076
0.5500370644922166,0.5331044349070099,0.4025974025974026,0.5058823529411764,0.14814814814814814
0.3661971830985916,0.32772532188841197,0.49350649350649345,0.4470588235294118,0.0
0.6286137879911046,0.6324463519313305,0.5194805194805194,0.5411764705882354,0.4444444444444444
0.41586360266864353,0.38346208869814025,0.6363636363636365,0.5176470588235293,0.018518518518518517
0.5100074128984433,0.48806866952789707,0.4545454545454546,0.5411764705882354,0.07407407407407407
0.480355819125278,0.4626609442060087,0.6363636363636365,0.6352941176470588,0.0
0.35063009636767983,0.30866952789699564,0.6233766233766234,0.5411764705882354,0.0
0.569310600444774,0.5555937052932761,0.7402597402597404,0.6000000000000001,0.4444444444444444
0.301704966641957,0.25871244635193125,0.5324675324675325,0.7294117647058822,0.12962962962962962
0.535952557449963,0.5178826895565093,0.22077922077922074,0.37647058823529417,0.49999999999999994
0.48628613787991104,0.4689556509298999,0.6233766233766234,0.411764705882353,0.0
0.7872498146775391,0.8214592274678111,0.7012987012987011,0.1764705882352941,0.2037037037037037
0.6649369903632321,0.6755364806866954,0.4155844155844155,0.35294117647058826,0.18518518518518517
0.4336545589325427,0.40526466380543635,0.19480519480519476,0.8,0.0
0.8250555967383248,0.869928469241774,0.4285714285714286,0.5411764705882354,0.07407407407407407
0.569310600444774,0.5562231759656652,0.4285714285714286,0.4470588235294118,0.537037037037037
0.6241660489251298,0.6280972818311875,0.4025974025974026,0.4823529411764706,0.12962962962962962
0.34766493699036327,0.30563662374821166,0.6233766233766234,0.5411764705882354,0.16666666666666666
0.5730170496664196,0.5604005722460658,0.5454545454545456,0.4705882352941177,0.16666666666666666
0.4166048925129726,0.38357653791130175,0.37662337662337664,0.588235294117647,0.12962962962962962
0.7279466271312084,0.74826895565093,0.5324675324675325,0.29411764705882354,0.0
0.5937731653076355,0.5891845493562232,0.5324675324675325,0.5647058823529412,0.0
0.5922905856189771,0.5870100143061515,0.7142857142857142,0.5176470588235293,0.2962962962962963
0.35507783543365457,0.31210300429184556,0.5844155844155845,0.588235294117647,0.2222222222222222
0.5522609340252039,0.5345922746781117,0.4155844155844155,0.588235294117647,0.3518518518518518
0.6701260192735361,0.6794849785407725,0.49350649350649345,0.5294117647058822,0.25925925925925924
0.624907338769459,0.6175107296137338,0.5974025974025972,0.7647058823529411,0.0
0.4343958487768719,0.4067525035765379,0.5584415584415583,0.5764705882352941,0.537037037037037
0.6167531504818384,0.6187124463519312,0.2727272727272727,0.32941176470588235,0.07407407407407407
0.5574499629355079,0.5428898426323318,0.2727272727272727,0.5529411764705883,0.6296296296296295
0.5596738324684952,0.5439771101573675,0.2597402597402596,0.28235294117647064,0.27777777777777773
0.6530763528539659,0.6620886981402002,0.4285714285714286,0.39999999999999997,0.3333333333333333
0.22979985174203113,0.17379113018597991,0.35064935064935066,0.7294117647058822,0.14814814814814814
0.4403261675315049,0.4141917024320456,0.6753246753246753,0.6823529411764706,0.09259259259259259
0.27650111193476656,0.22557939914163094,0.5714285714285714,0.36470588235294116,0.07407407407407407
0.2809488510007413,0.23067238912732468,0.5714285714285714,0.6470588235294117,0.018518518518518517
0.390659747961453,0.35570815450643767,0.5584415584415583,0.4588235294117647,0.0
0.6553002223869534,0.6647210300429184,0.16883116883116878,0.5058823529411764,0.07407407407407407
0.4833209785025946,0.44989985693848344,0.4545454545454546,0.35294117647058826,0.3518518518518518
0.3832468495181617,0.34826895565092986,0.6233766233766234,0.6352941176470588,0.037037037037037035
0.6152705707931801,0.6168812589413447,0.5194805194805194,0.4470588235294118,0.0
0.2653817642698295,0.21035765379113014,0.37662337662337664,0.611764705882353,0.4259259259259259
0.35507783543365457,0.3124463519313305,0.5064935064935063,0.6470588235294117,0.0
0.6597479614529281,0.6691273247496422,0.4545454545454546,0.6705882352941175,0.16666666666666666
0.5804299481097109,0.5712732474964234,0.6493506493506491,0.37647058823529417,0.2222222222222222
0.6026686434395849,0.6006866952789699,0.4415584415584415,0.4352941176470589,0.27777777777777773
0.782060785767235,0.8138483547925607,0.4155844155844155,0.37647058823529417,0.12962962962962962
0.5211267605633804,0.5114735336194564,0.4155844155844155,0.6823529411764706,0.0
0.5782060785767236,0.5665236051502146,0.5064935064935063,0.39999999999999997,0.07407407407407407
0.3936249073387694,0.35902718168812586,0.753246753246753,0.5411764705882354,0.037037037037037035
0.4551519644180875,0.4107582260371959,0.35064935064935066,0.28235294117647064,0.46296296296296297
0.7168272794662714,0.7354506437768239,0.4285714285714286,0.4352941176470589,0.5555555555555556
0.47146034099332845,0.45173104434906997,0.4025974025974026,0.8,0.0
0.45663454410674575,0.4341630901287553,0.48051948051948057,0.5529411764705883,0.0
0.6360266864343959,0.6410872675250358,0.4155844155844155,0.5176470588235293,0.2962962962962963
0.35507783543365457,0.3124463519313305,0.4415584415584415,0.6352941176470588,0.0
0.4633061527057081,0.44154506437768226,0.6883116883116884,0.5058823529411764,0.1111111111111111
0.6708673091178652,0.6806294706723891,0.46753246753246747,0.5294117647058822,0.0
0.6278724981467755,0.6311301859799715,0.6753246753246753,0.5176470588235293,0.24074074074074076
0.39807264640474427,0.36291845493562236,0.5064935064935063,0.6000000000000001,0.0
0.6501111934766495,0.6588841201716739,0.6883116883116884,0.36470588235294116,0.46296296296296297
0.7034840622683469,0.7168526466380544,0.46753246753246747,0.6823529411764706,0.2962962962962963
0.47887323943661975,0.46048640915593697,0.5324675324675325,0.7176470588235293,0.07407407407407407
0.3513713862120089,0.3090128755364806,0.5584415584415583,0.38823529411764707,0.09259259259259259
0.7064492216456636,0.7221745350500716,0.5844155844155845,0.4470588235294118,0.24074074074074076
0.6671608598962195,0.6769670958512161,0.4155844155844155,0.30588235294117644,0.37037037037037035
0.2727946627131208,0.22140200286123035,0.6493506493506491,0.5411764705882354,0.0
0.5196441808747221,0.499513590844063,0.3246753246753247,0.28235294117647064,0.48148148148148145
0.6100815418828762,0.6089270386266094,0.4545454545454546,0.588235294117647,0.09259259259259259
0.6441808747220165,0.6500143061516451,0.5584415584415583,0.5529411764705883,0.2037037037037037
0.5404002965159378,0.5278397711015735,0.6753246753246753,0.7882352941176469,0.12962962962962962
0.6716085989621943,0.6821745350500715,0.5194805194805194,0.30588235294117644,0.09259259259259259
0.6323202372127503,0.6365665236051502,0.4545454545454546,0.36470588235294116,0.14814814814814814
0.4633061527057081,0.4414878397711015,0.7272727272727273,0.5058823529411764,0.3333333333333333
0.5100074128984433,0.4881831187410586,0.46753246753246747,0.36470588235294116,0.16666666666666666
0.34840622683469236,0.3063233190271816,0.5194805194805194,0.6000000000000001,0.0
0.6174944403261675,0.6189413447782545,0.49350649350649345,0.6470588235294117,0.18518518518518517
0.7361008154188289,0.7571959942775394,0.5714285714285714,0.4823529411764706,0.3518518518518518
0.3951074870274277,0.3419170243204577,0.6883116883116884,0.6470588235294117,0.7407407407407407
0.36397331356560414,0.3258369098712446,0.35064935064935066,0.5764705882352941,0.037037037037037035
0.6123054114158637,0.6121888412017168,0.31168831168831157,0.30588235294117644,0.3888888888888889
0.6152705707931801,0.6173962804005723,0.5714285714285714,0.4588235294117647,0.0
0.7234988880652337,0.7427753934191702,0.0,0.4588235294117647,0.3148148148148148
0.5833951074870275,0.5767668097281832,0.4285714285714286,0.4235294117647059,0.09259259259259259
0.49221645663454416,0.4762231759656651,0.5194805194805194,0.4823529411764706,0.07407407407407407
0.47071905114899937,0.45121602288984264,0.24675324675324672,0.4470588235294118,0.14814814814814814
0.6686434395848778,0.6787410586552217,0.5064935064935063,0.4235294117647059,0.27777777777777773
0.7368421052631581,0.7585121602288983,0.36363636363636354,0.38823529411764707,0.27777777777777773
0.3825055596738325,0.3473533619456366,0.49350649350649345,0.6823529411764706,0.09259259259259259
0.4255003706449222,0.3950214592274677,0.37662337662337664,0.6941176470588235,0.037037037037037035
0.31356560415122314,0.2698140200286122,0.4545454545454546,0.5529411764705883,0.18518518518518517
0.5433654558932542,0.531101573676681,0.6233766233766234,0.6705882352941175,0.0
0.686434395848777,0.6979685264663805,0.33766233766233755,0.31764705882352945,0.4259259259259259
0.39214232765011126,0.3572532188841201,0.7012987012987011,0.6588235294117646,0.037037037037037035
0.4032616753150482,0.36978540772532187,0.3246753246753247,0.6352941176470588,0.2962962962962963
0.6108228317272054,0.609728183118741,0.37662337662337664,0.37647058823529417,0.0
0.4373610081541883,0.4105293276108727,0.857142857142857,0.7294117647058822,0.2037037037037037
0.6827279466271313,0.693447782546495,0.5324675324675325,0.5647058823529412,0.12962962962962962
0.7264640474425501,0.7463805436337624,0.3896103896103895,0.411764705882353,0.16666666666666666
0.23721275018532248,0.18317596566523597,0.8181818181818181,0.5176470588235293,0.07407407407407407
0.6730911786508526,0.6835479256080114,0.4415584415584415,0.4705882352941177,0.49999999999999994
0.6234247590808006,0.6274678111587982,0.4155844155844155,0.32941176470588235,0.25925925925925924
0.424759080800593,0.3658369098712446,0.5064935064935063,0.611764705882353,0.6296296296296295
0.6523350630096368,0.6612303290414877,0.4285714285714286,0.2117647058823529,0.07407407407407407
0.3610081541882877,0.3212589413447783,0.49350649350649345,0.36470588235294116,0.05555555555555555
0.39288361749444034,0.35834048640915583,0.6753246753246753,0.6352941176470588,0.0
0.6189770200148259,0.6214020028612303,0.35064935064935066,0.1882352941176471,0.2222222222222222
0.7457375833951075,0.7687553648068669,0.2727272727272727,0.411764705882353,0.0
0.5522609340252039,0.5420314735336195,0.5584415584415583,0.7294117647058822,0.07407407407407407
0.49369903632320233,0.4639198855507869,0.07792207792207795,0.39999999999999997,0.537037037037037
0.3098591549295775,0.26632331902718176,0.4285714285714286,0.776470588235294,0.0
0.5285396590066717,0.5083261802575106,0.35064935064935066,0.39999999999999997,0.3888888888888889
0.6515937731653078,0.6606008583690987,0.2987012987012987,0.6000000000000001,0.018518518518518517
0.586360266864344,0.5795135908440628,0.5454545454545456,0.5176470588235293,0.14814814814814814
0.5833951074870275,0.5764806866952789,0.6103896103896103,0.1647058823529412,0.18518518518518517
0.6575240919199408,0.6666094420600858,0.4025974025974026,0.2117647058823529,0.24074074074074076
0.34914751667902155,0.30712446351931333,0.6493506493506491,0.6823529411764706,0.4074074074074074
0.8280207561156414,0.8741630901287555,0.4415584415584415,0.4235294117647059,0.2222222222222222
0.33358042994810977,0.29058655221745344,0.5974025974025972,0.5176470588235293,0.0
0.3439584877687176,0.3009442060085836,0.4285714285714286,0.5294117647058822,0.0
0.45070422535211263,0.42666666666666664,0.35064935064935066,0.7411764705882353,0.0
0.782060785767235,0.8139628040057224,0.22077922077922074,0.411764705882353,0.037037037037037035
0.624907338769459,0.6291273247496422,0.33766233766233755,0.5294117647058822,0.4074074074074074
0.36397331356560414,0.3249785407725322,0.4025974025974026,0.6000000000000001,0.0
0.23202372127501855,0.1742489270386265,0.5974025974025972,0.7294117647058822,0.18518518518518517
0.7220163083765753,0.7414592274678112,0.5194805194805194,0.5294117647058822,0.25925925925925924
0.5404002965159378,0.5226895565092989,0.5454545454545456,0.39999999999999997,0.12962962962962962
0.7412898443291328,0.7643490701001431,0.4155844155844155,0.5294117647058822,0.7407407407407407
0.5292809488510007,0.5175965665236052,0.36363636363636354,0.5411764705882354,0.37037037037037035
0.5893254262416606,0.5833476394849785,0.6233766233766234,0.5058823529411764,0.0
0.5707931801334323,0.5583977110157367,0.49350649350649345,0.39999999999999997,0.48148148148148145
0.3039288361749444,0.26060085836909874,0.7012987012987011,0.7411764705882353,0.0
0.39140103780578206,0.3565665236051502,0.5974025974025972,0.7176470588235293,0.018518518518518517
0.6182357301704968,0.619799713876967,0.7272727272727273,0.7882352941176469,0.037037037037037035
0.4240177909562639,0.39307582260371954,0.5844155844155845,0.7294117647058822,0.4444444444444444
0.6982950333580431,0.7105579399141632,0.3246753246753247,0.4352941176470589,0.25925925925925924
0.7220163083765753,0.7407153075822602,0.4285714285714286,0.4823529411764706,0.5185185185185186
0.4544106745737584,0.43153075822603704,0.5844155844155845,0.7176470588235293,0.16666666666666666
0.5122312824314307,0.4903004291845493,0.6363636363636365,0.5294117647058822,0.4259259259259259
0.33580429948109713,0.29304721030042913,0.31168831168831157,0.6470588235294117,0.0
0.34025203854707187,0.29762517882689554,0.4155844155844155,0.7058823529411764,0.14814814814814814
0.553002223869533,0.5431759656652361,0.6623376623376622,0.7058823529411764,0.14814814814814814
0.3395107487027428,0.29705293276108713,0.22077922077922074,0.9411764705882353,0.0
0.3602668643439585,0.32057224606580825,0.4025974025974026,0.4352941176470589,0.09259259259259259
0.6553002223869534,0.6648354792560801,0.49350649350649345,0.588235294117647,0.0
0.4240177909562639,0.39307582260371954,0.5974025974025972,0.4235294117647059,0.0
0.38621200889547813,0.3515307582260372,0.31168831168831157,0.6352941176470588,0.12962962962962962
0.480355819125278,0.4624892703862661,0.6753246753246753,0.38823529411764707,0.14814814814814814
0.6501111934766495,0.6591130185979971,0.5324675324675325,0.28235294117647064,0.0
0.7249814677538919,0.7447782546494993,0.5844155844155845,0.4352941176470589,0.3888888888888889
0.424759080800593,0.39381974248927043,0.5714285714285714,0.6823529411764706,0.3148148148148148
0.368421052631579,0.33030042918454927,0.5454545454545456,0.611764705882353,0.0
0.3150481838398814,0.2713018597997138,0.8441558441558443,0.6588235294117646,0.12962962962962962
0.3610081541882877,0.3210872675250358,0.5454545454545456,0.5764705882352941,0.018518518518518517
0.518902891030393,0.4987696709585121,0.4415584415584415,0.4823529411764706,0.2222222222222222
0.42105263157894746,0.390557939914163,0.6753246753246753,0.5764705882352941,0.3148148148148148
0.6241660489251298,0.6280972818311875,0.6623376623376622,0.35294117647058826,0.3888888888888889
0.2861378799110452,0.23570815450643778,0.7142857142857142,0.6000000000000001,0.0
0.6856931060044479,0.6991130185979971,0.7012987012987011,0.6352941176470588,0.2962962962962963
0.6434395848776873,0.6487553648068668,0.37662337662337664,0.411764705882353,0.12962962962962962
0.659006671608599,0.6683261802575108,0.36363636363636354,0.2117647058823529,0.25925925925925924
0.5885841363973314,0.583233190271817,0.4415584415584415,0.11764705882352944,0.14814814814814814
0.7375833951074872,0.7587410586552216,0.24675324675324672,0.4235294117647059,0.2037037037037037
0.6404744255003707,0.6462374821173104,0.6753246753246753,0.4941176470588235,0.49999999999999994
0.29132690882134915,0.24560801144492128,0.5584415584415583,0.6235294117647059,0.0
0.45811712379540415,0.43610872675250356,0.5584415584415583,0.4823529411764706,0.0
0.285396590066716,0.23427753934191697,0.5324675324675325,0.6000000000000001,0.12962962962962962
0.7375833951074872,0.7585693848354792,0.6623376623376622,0.611764705882353,0.4259259259259259
0.4825796886582655,0.46523605150214586,0.2987012987012987,0.5176470588235293,0.1111111111111111
0.3106004447739067,0.2668383404864091,0.5194805194805194,0.6941176470588235,0.09259259259259259
0.5455893254262417,0.5274964234620886,0.5584415584415583,0.411764705882353,0.14814814814814814
0.507783543365456,0.48509298998569383,0.4025974025974026,0.6823529411764706,0.2222222222222222
0.6619718309859156,0.6710157367668098,0.6363636363636365,0.4823529411764706,0.25925925925925924
0.424759080800593,0.3939914163090129,0.5584415584415583,0.5176470588235293,0.49999999999999994
0.597479614529281,0.5943919885550787,0.5584415584415583,0.36470588235294116,0.1111111111111111
0.630837657524092,0.6350214592274678,0.4545454545454546,0.5176470588235293,0.2962962962962963
0.6330615270570794,0.6381115879828326,0.2987012987012987,0.6235294117647059,0.12962962962962962
0.31282431430689395,0.2687839771101572,0.5714285714285714,0.6941176470588235,0.18518518518518517
0.7242401779095627,0.7438054363376251,0.46753246753246747,0.6941176470588235,0.0
0.45144551519644194,0.42723891273247483,0.3896103896103895,0.4705882352941177,0.12962962962962962
0.3750926612305412,0.3385979971387697,0.5844155844155845,0.6470588235294117,0.05555555555555555
0.7220163083765753,0.7407153075822602,0.4545454545454546,0.37647058823529417,0.4074074074074074
0.4336545589325427,0.4052074391988554,0.6103896103896103,0.5058823529411764,0.16666666666666666
0.41512231282431433,0.38300429184549356,0.5714285714285714,0.5294117647058822,0.0
0.6664195700518903,0.6762804005722459,0.5194805194805194,0.5647058823529412,0.2962962962962963
0.19421793921423278,0.1380829756795422,0.5844155844155845,0.4941176470588235,0.018518518518518517
0.6256486286137881,0.6189985693848356,0.6883116883116884,0.7176470588235293,0.0
0.4810971089696071,0.46294706723891266,0.36363636363636354,0.6941176470588235,0.16666666666666666
0.5107487027427725,0.48841201716738203,0.6883116883116884,0.5411764705882354,0.18518518518518517
0.45663454410674575,0.43381974248927035,0.22077922077922074,0.611764705882353,0.0
0.5767234988880653,0.5645779685264664,0.48051948051948057,0.25882352941176473,0.2222222222222222
0.4032616753150482,0.3700143061516451,0.4415584415584415,0.6823529411764706,0.09259259259259259
0.4899925871015568,0.47433476394849783,0.46753246753246747,0.4588235294117647,0.0
0.45070422535211263,0.4268383404864091,0.5324675324675325,0.38823529411764707,0.0
0.34840622683469236,0.30620886981402007,0.5064935064935063,0.4941176470588235,0.07407407407407407
0.3009636767976278,0.257453505007153,0.753246753246753,0.611764705882353,0.16666666666666666
0.6056338028169016,0.6045207439198855,0.6623376623376622,0.4705882352941177,0.14814814814814814
0.6553002223869534,0.6645493562231758,0.4415584415584415,0.6235294117647059,0.25925925925925924
0.42994810971089703,0.3745922746781115,0.36363636363636354,0.4470588235294118,0.2037037037037037
0.8732394366197185,0.9124463519313305,0.31168831168831157,0.31764705882352945,0.24074074074074076
0.5107487027427725,0.4888698140200286,0.3896103896103895,0.4941176470588235,0.16666666666666666
0.6716085989621943,0.6817739628040057,0.2987012987012987,0.6352941176470588,0.27777777777777773
0.6486286137879913,0.6562517882689557,0.5584415584415583,0.23529411764705882,0.18518518518518517
0.5181616011860638,0.4971673819742488,0.33766233766233755,0.4941176470588235,0.2222222222222222
0.6426982950333582,0.6477253218884119,0.6103896103896103,0.4470588235294118,0.3148148148148148
0.446256486286138,0.42134477825464933,0.5194805194805194,0.8352941176470587,0.018518518518518517
0.5433654558932542,0.5252646638054365,0.2857142857142856,0.35294117647058826,0.25925925925925924
0.7687175685693107,0.7990844062947068,0.1558441558441559,0.5176470588235293,0.16666666666666666
0.2283172720533729,0.1705293276108727,0.46753246753246747,0.5294117647058822,0.07407407407407407
0.5937731653076355,0.5883834048640916,0.4155844155844155,0.31764705882352945,0.46296296296296297
0.4818383988139364,0.4495565092989985,0.37662337662337664,0.37647058823529417,0.1111111111111111
0.3958487768717569,0.36080114449213163,0.5584415584415583,0.7647058823529411,0.2037037037037037
0.47071905114899937,0.45104434907010016,0.6493506493506491,0.36470588235294116,0.0
0.608598962194218,0.607668097281831,0.7142857142857142,0.5529411764705883,0.14814814814814814
0.27131208302446264,0.2194563662374821,0.46753246753246747,0.6352941176470588,0.37037037037037035
0.7131208302446258,0.7297854077253217,0.49350649350649345,0.5176470588235293,0.5925925925925926
0.45070422535211263,0.4270100143061516,0.2987012987012987,0.4941176470588235,0.27777777777777773
0.6953298739807265,0.7081545064377682,0.4155844155844155,0.588235294117647,0.3148148148148148
0.3661971830985916,0.32806866952789693,0.49350649350649345,0.5058823529411764,0.07407407407407407
0.346182357301705,0.3041487839771101,0.5714285714285714,0.6823529411764706,0.07407407407407407
0.6679021497405487,0.6780543633762518,0.5454545454545456,0.411764705882353,0.2222222222222222
0.7405485544848036,0.7621173104434907,0.46753246753246747,0.30588235294117644,0.0
0.42031134173461837,0.388555078683834,0.48051948051948057,0.7647058823529411,0.24074074074074076
0.4047442550037065,0.37167381974248925,0.48051948051948057,0.8705882352941177,0.0
0.40029651593773163,0.3658941344778254,0.4155844155844155,0.6470588235294117,0.037037037037037035
0.4477390659747962,0.42334763948497856,0.4415584415584415,0.4823529411764706,0.0
0.5893254262416606,0.5833476394849785,0.49350649350649345,0.37647058823529417,0.3518518518518518
0.3587842846553002,0.31811158798283257,0.5714285714285714,0.6588235294117646,0.0
0.34247590808005934,0.29979971387696713,0.5974025974025972,0.611764705882353,0.2222222222222222
0.40770941438102304,0.37613733905579405,0.7012987012987011,0.8235294117647058,0.0
0.5092661230541142,0.487725321888412,0.33766233766233755,0.38823529411764707,0.46296296296296297
0.4469977761304671,0.42203147353361936,0.6103896103896103,0.4823529411764706,0.0
0.7323943661971832,0.7531330472103005,0.37662337662337664,0.28235294117647064,0.0
0.7242401779095627,0.7444349070100141,0.2597402597402596,0.5058823529411764,0.18518518518518517
0.5485544848035582,0.5369957081545064,0.5974025974025972,0.5529411764705883,0.09259259259259259
0.4314306893995552,0.4034334763948497,0.7792207792207793,0.30588235294117644,0.25925925925925924
0.6286137879911046,0.6318168812589412,0.6363636363636365,0.5529411764705883,0.3333333333333333
0.6671608598962195,0.6775393419170243,0.35064935064935066,0.37647058823529417,0.3518518518518518
0.3973313565604152,0.36160228898426316,0.6233766233766234,0.5294117647058822,0.0
0.49295774647887325,0.47713876967095836,0.8441558441558443,0.7529411764705882,0.27777777777777773
0.34321719792438843,0.30060085836909867,0.6103896103896103,0.5411764705882354,0.07407407407407407
0.31875463306152707,0.27433476394849776,0.5844155844155845,0.7411764705882353,0.1111111111111111
0.5841363973313566,0.5775679542203146,0.33766233766233755,0.4352941176470589,0.14814814814814814
0.8124536693847295,0.8535050071530758,0.4415584415584415,0.5411764705882354,0.48148148148148145
0.6115641215715346,0.6018884120171674,0.8311688311688312,0.7411764705882353,0.05555555555555555
0.4684951816160119,0.44835479256080113,0.6233766233766234,0.6235294117647059,0.0
0.5500370644922166,0.5329899856938484,0.5974025974025972,0.411764705882353,0.07407407407407407
0.2720533728687917,0.22100143061516442,0.37662337662337664,0.4705882352941177,0.07407407407407407
0.7057079318013344,0.7209728183118741,0.37662337662337664,0.6235294117647059,0.12962962962962962
0.5011119347664938,0.48864091559370526,0.5194805194805194,0.5529411764705883,0.3888888888888889
0.352112676056338,0.3101573676680973,0.5974025974025972,0.6352941176470588,0.0
0.680504077094144,0.6915021459227467,0.6623376623376622,0.6588235294117646,0.48148148148148145
0.4959229058561898,0.4822317596566523,0.35064935064935066,0.588235294117647,0.3333333333333333
0.3224610822831727,0.2785693848354792,0.4285714285714286,0.6588235294117646,0.09259259259259259
0.6797627872498149,0.6906437768240342,0.3896103896103895,0.4941176470588235,0.3518518518518518
0.37212750185322463,0.33539341917024323,0.6883116883116884,0.5294117647058822,0.05555555555555555
0.30689399555226093,0.264492131616595,0.5974025974025972,0.38823529411764707,0.3333333333333333
0.40845070422535223,0.3770529327610873,0.6493506493506491,0.5529411764705883,0.018518518518518517
0.5374351371386213,0.5256652360515021,0.49350649350649345,0.5764705882352941,0.09259259259259259
0.6686434395848778,0.67862660944206,0.7272727272727273,0.4352941176470589,0.4259259259259259
0.22683469236471462,0.16961373390557943,0.5844155844155845,0.4588235294117647,0.1111111111111111
0.7664936990363234,0.7941630901287552,0.5324675324675325,0.5058823529411764,0.3333333333333333
0.29873980726464056,0.2544778254649498,0.4155844155844155,0.7882352941176469,0.0
0.4255003706449222,0.3958798283261802,0.3246753246753247,0.4941176470588235,0.27777777777777773
0.2794662713120831,0.22987124463519315,0.46753246753246747,0.8352941176470587,0.0
0.4699777613046703,0.449442060085837,0.5064935064935063,0.5647058823529412,0.0
0.7264640474425501,0.7462660944206007,0.5584415584415583,0.6705882352941175,0.25925925925925924
0.301704966641957,0.2583690987124463,0.49350649350649345,0.5411764705882354,0.4444444444444444
0.4047442550037065,0.37213161659513583,0.33766233766233755,0.5058823529411764,0.0
0.4699777613046703,0.4324463519313305,0.5064935064935063,0.5411764705882354,0.3518518518518518
0.8636026686434397,0.9026609442060086,0.3896103896103895,0.4470588235294118,0.25925925925925924
0.5789473684210527,0.5699570815450644,0.5584415584415583,0.1529411764705882,0.49999999999999994
0.5885841363973314,0.5774535050071529,0.5974025974025972,0.4823529411764706,0.0
0.5344699777613048,0.515307582260372,0.2987012987012987,0.4470588235294118,0.4259259259259259
0.42031134173461837,0.38832618025751076,0.49350649350649345,0.5294117647058822,0.25925925925925924
0.40548554484803556,0.37379113018598,0.7272727272727273,0.8117647058823529,0.07407407407407407
0.352112676056338,0.3097567954220314,0.6883116883116884,0.6235294117647059,0.14814814814814814
0.4751667902149741,0.4545922746781115,0.36363636363636354,0.7058823529411764,0.14814814814814814
0.4825796886582655,0.46540772532188834,0.35064935064935066,0.5529411764705883,0.14814814814814814
0.6441808747220165,0.6497854077253219,0.5324675324675325,0.4588235294117647,0.05555555555555555
0.47220163083765754,0.4522460658082975,0.5454545454545456,0.588235294117647,0.18518518518518517
0.7924388435878429,0.8267238912732474,0.4155844155844155,0.5529411764705883,0.2222222222222222
0.21571534469977763,0.1626323319027182,0.5844155844155845,0.611764705882353,0.0
0.496664195700519,0.4711874105865521,0.4025974025974026,0.31764705882352945,0.0
0.6515937731653078,0.6604291845493561,0.46753246753246747,0.1529411764705882,0.24074074074074076
0.37731653076352867,0.3407725321888412,0.48051948051948057,0.588235294117647,0.0
0.49147516679021497,0.46168812589413444,0.23376623376623362,0.4941176470588235,0.4074074074074074
0.35507783543365457,0.31267525035765376,0.46753246753246747,0.6705882352941175,0.0
0.42105263157894746,0.39061516452074396,0.7012987012987011,0.7058823529411764,0.14814814814814814
0.3876945885841364,0.3098712446351931,0.36363636363636354,0.39999999999999997,0.5185185185185186
0.4877687175685693,0.45682403433476393,0.6233766233766234,0.411764705882353,0.4074074074074074
0.7724240177909565,0.8036051502145921,0.48051948051948057,0.4352941176470589,0.3888888888888889
0.3380281690140845,0.2952789699570816,0.5454545454545456,0.5058823529411764,0.0
0.2453669384729429,0.19307582260371958,0.48051948051948057,0.588235294117647,0.0
0.301704966641957,0.258483547925608,0.5714285714285714,0.6823529411764706,0.018518518518518517
0.7116382505559675,0.7278397711015735,0.6103896103896103,0.5647058823529412,0.2222222222222222
0.5040770941438103,0.4900143061516451,0.6883116883116884,0.6705882352941175,0.1111111111111111
0.5826538176426984,0.575450643776824,0.22077922077922074,0.588235294117647,0.49999999999999994
0.257227575982209,0.20349070100143052,0.8181818181818181,0.5764705882352941,0.1111111111111111
0.5893254262416606,0.5840343347639484,0.35064935064935066,0.4470588235294118,0.3518518518518518
0.40770941438102304,0.3760228898426323,0.4285714285714286,0.6235294117647059,0.3333333333333333
0.781319495922906,0.8121316165951359,0.5194805194805194,0.611764705882353,0.07407407407407407
0.558191252779837,0.5432331902718169,0.35064935064935066,0.39999999999999997,0.24074074074074076
0.5878428465530023,0.5817453505007152,0.4025974025974026,0.4705882352941177,0.0
0.4618235730170497,0.4404577968526465,0.3896103896103895,0.4823529411764706,0.0
0.4877687175685693,0.4719313304721029,0.5454545454545456,0.6352941176470588,0.25925925925925924
0.5040770941438103,0.4905865522174535,0.5584415584415583,0.6588235294117646,0.0
0.7227575982209046,0.7420886981402003,0.3896103896103895,0.27058823529411763,0.09259259259259259
0.424759080800593,0.3939914163090129,0.5584415584415583,0.35294117647058826,0.07407407407407407
0.37212750185322463,0.3348783977110157,0.3896103896103895,0.7176470588235293,0.0
0.44922164566345446,0.42432045779685257,0.8311688311688312,0.8235294117647058,0.2222222222222222
0.5878428465530023,0.5822603719599427,0.48051948051948057,0.6588235294117646,0.37037037037037035
0.5174203113417346,0.49596566523605146,0.23376623376623362,0.5294117647058822,0.3518518518518518
0.6508524833209786,0.6600858369098713,0.35064935064935066,0.4352941176470589,0.7777777777777777
0.35656041512231285,0.3150786838340486,0.4545454545454546,0.411764705882353,0.18518518518518517
0.7005189028910305,0.7139914163090127,0.7662337662337662,0.4470588235294118,0.1111111111111111
0.44922164566345446,0.4245493562231759,0.33766233766233755,0.6470588235294117,0.0
0.7516679021497407,0.7759084406294706,0.4025974025974026,0.23529411764705882,0.2222222222222222
0.5003706449221647,0.47519313304721034,0.46753246753246747,0.29411764705882354,0.24074074074074076
0.6056338028169016,0.6042918454935623,0.46753246753246747,0.4705882352941177,0.0
0.43587842846553004,0.40858369098712444,0.6103896103896103,0.4823529411764706,0.12962962962962962
0.3091178650852483,0.2658082975679542,0.5324675324675325,0.7294117647058822,0.0
0.4662713120830245,0.445665236051502,0.5194805194805194,0.5294117647058822,0.09259259259259259
0.452186805040771,0.4286123032904148,0.5454545454545456,0.37647058823529417,0.0
0.5930318754633063,0.5883261802575107,0.3246753246753247,0.5529411764705883,0.24074074074074076
0.27057079318013355,0.21871244635193132,0.5064935064935063,0.5647058823529412,0.1111111111111111
0.6011860637509268,0.5978826895565094,0.4545454545454546,0.39999999999999997,0.2037037037037037
0.518902891030393,0.4987696709585121,0.4285714285714286,0.37647058823529417,0.09259259259259259
0.4114158636026687,0.37957081545064375,0.5714285714285714,0.6823529411764706,0.037037037037037035
0.5811712379540401,0.5693276108726751,0.3896103896103895,0.37647058823529417,0.0
0.3617494440326168,0.3225178826895565,0.5584415584415583,0.6588235294117646,0.05555555555555555
0.6530763528539659,0.6620314735336194,0.46753246753246747,0.4823529411764706,0.2037037037037037
0.6375092661230543,0.643032904148784,0.6103896103896103,0.36470588235294116,0.14814814814814814
0.3002223869532987,0.2568812589413447,0.5454545454545456,0.4823529411764706,0.09259259259259259
0.5300222386953299,0.5182260371959942,0.33766233766233755,0.9647058823529411,0.0
0.4751667902149741,0.4557367668097282,0.7662337662337662,0.6352941176470588,0.018518518518518517
0.39214232765011126,0.3576537911301859,0.7402597402597404,0.6352941176470588,0.12962962962962962
0.5226093402520386,0.5118741058655222,0.6753246753246753,0.38823529411764707,0.0
0.6234247590808006,0.6272961373390556,0.31168831168831157,0.37647058823529417,0.6111111111111112
0.5656041512231283,0.5535336194563661,0.5454545454545456,0.5529411764705883,0.3518518518518518
0.5426241660489252,0.5303576537911302,0.6363636363636365,0.5647058823529412,0.07407407407407407
0.44106745737583397,0.4159656652360514,0.49350649350649345,0.611764705882353,0.0
0.6041512231282432,0.6028040057224605,0.6883116883116884,0.588235294117647,0.18518518518518517
0.6397331356560416,0.6449785407725322,0.35064935064935066,0.4588235294117647,0.0
0.7790956263899186,0.8111587982832617,0.5454545454545456,0.5294117647058822,0.49999999999999994
0.6441808747220165,0.649728183118741,0.49350649350649345,0.36470588235294116,0.18518518518518517
0.40029651593773163,0.36623748211731033,0.5714285714285714,0.7647058823529411,0.18518518518518517
0.6871756856931062,0.6989985693848354,0.24675324675324672,0.4705882352941177,0.16666666666666666
0.6174944403261675,0.6192846924177394,0.4155844155844155,0.37647058823529417,0.5555555555555556
0.47146034099332845,0.4360515021459228,0.4155844155844155,0.6588235294117646,0.16666666666666666
0.42253521126760574,0.3921602288984263,0.5194805194805194,0.8117647058823529,0.037037037037037035
0.5218680504077094,0.5020314735336194,0.36363636363636354,0.7294117647058822,0.16666666666666666
0.5500370644922166,0.5335050071530759,0.2857142857142856,0.411764705882353,0.2037037037037037
0.42698295033358047,0.3971387696709584,0.37662337662337664,0.37647058823529417,0.14814814814814814
0.5033358042994811,0.4898998569384835,0.48051948051948057,0.5058823529411764,0.0
0.4544106745737584,0.4307296137339055,0.5584415584415583,0.5764705882352941,0.0
0.32171979243884363,0.27753934191702423,0.5714285714285714,0.6470588235294117,0.0
0.6471460340993329,0.6548211731044348,0.31168831168831157,0.31764705882352945,0.18518518518518517
0.5767234988880653,0.5645779685264664,0.5324675324675325,0.29411764705882354,0.2962962962962963
0.49962935507783546,0.47473533619456365,0.6753246753246753,0.35294117647058826,0.4444444444444444
0.742031134173462,0.7651502145922747,0.5454545454545456,0.4705882352941177,0.46296296296296297
0.6100815418828762,0.6092131616595134,0.805194805194805,0.4470588235294118,0.3518518518518518
0.7071905114899927,0.7230901287553647,0.49350649350649345,0.4705882352941177,0.24074074074074076
0.43513713862120096,0.4081831187410586,0.5324675324675325,0.4235294117647059,0.37037037037037035
0.40696812453669384,0.37510729613733906,0.5584415584415583,0.38823529411764707,0.0
0.7398072646404745,0.7609728183118741,0.4155844155844155,0.27058823529411763,0.27777777777777773
0.4810971089696071,0.4630042918454934,0.49350649350649345,0.4352941176470589,0.07407407407407407
0.6352853965900668,0.6408583690987123,0.3246753246753247,0.4588235294117647,0.48148148148148145
0.8895478131949595,0.9471816881258942,0.48051948051948057,0.31764705882352945,0.12962962962962962
0.7739065974796147,0.8044635193133046,0.49350649350649345,0.5411764705882354,0.0
0.6738324684951817,0.6842918454935621,0.6103896103896103,0.31764705882352945,0.3518518518518518
0.5040770941438103,0.4910443490701001,0.5064935064935063,0.776470588235294,0.0
0.4010378057820607,0.36663805436337626,0.7792207792207793,0.36470588235294116,0.16666666666666666
0.3587842846553002,0.31742489270386254,0.48051948051948057,0.411764705882353,0.12962962962962962
0.3380281690140845,0.2959656652360514,0.6753246753246753,0.5647058823529412,0.2962962962962963
0.6389918458117124,0.6442918454935621,0.19480519480519476,0.29411764705882354,0.4444444444444444
0.28984432913269087,0.24108726752503562,0.2597402597402596,0.6588235294117646,0.09259259259259259
0.3113417346182358,0.2676967095851215,0.3896103896103895,0.588235294117647,0.0
0.5663454410674574,0.551530758226037,0.35064935064935066,0.6235294117647059,0.8148148148148149
0.681245366938473,0.6922460658082975,0.23376623376623362,0.34117647058823525,0.7592592592592593
0.42772424017790966,0.39862660944205996,0.5324675324675325,0.7647058823529411,0.24074074074074076
0.44329132690882134,0.4186552217453504,0.4545454545454546,0.5058823529411764,0.25925925925925924
0.70941438102298,0.725035765379113,0.6493506493506491,0.5764705882352941,0.37037037037037035
0.7012601927353597,0.7141630901287553,0.3896103896103895,0.4470588235294118,0.4444444444444444
0.5663454410674574,0.551530758226037,0.5974025974025972,0.6000000000000001,0.2222222222222222
0.6775389177168274,0.6883547925608012,0.4545454545454546,0.4470588235294118,0.0
0.4759080800593033,0.4412017167381974,0.48051948051948057,0.4470588235294118,0.5925925925925926
0.4395848776871758,0.4131044349070099,0.5324675324675325,0.6941176470588235,0.0
0.20163083765752413,0.14529327610872678,0.2857142857142856,0.5294117647058822,0.12962962962962962
0.4670126019273536,0.44658082975679547,0.6233766233766234,0.39999999999999997,0.018518518518518517
0.37731653076352867,0.3410586552217454,0.49350649350649345,0.7294117647058822,0.14814814814814814
0.3446997776130467,0.3028326180257511,0.5194805194805194,0.5764705882352941,0.2037037037037037
0.45144551519644194,0.42792560801144486,0.5844155844155845,0.7411764705882353,0.46296296296296297
0.8139362490733877,0.8552789699570814,0.4415584415584415,0.5529411764705883,0.2962962962962963
0.6679021497405487,0.6778254649499286,0.5454545454545456,0.4470588235294118,0.24074074074074076
0.5285396590066717,0.5085550786838341,0.4545454545454546,0.4823529411764706,0.1111111111111111
0.2579688658265382,0.20400572246065807,0.4415584415584415,0.6235294117647059,0.0
0.5218680504077094,0.501859799713877,0.6623376623376622,0.29411764705882354,0.537037037037037
0.5893254262416606,0.5804864091559369,0.3896103896103895,0.4941176470588235,0.16666666666666666
0.647887323943662,0.65516452074392,0.37662337662337664,0.4470588235294118,0.3148148148148148
0.563380281690141,0.5486695278969956,0.5974025974025972,0.36470588235294116,0.09259259259259259
0.24314306893995555,0.19044349070100142,0.2987012987012987,0.588235294117647,0.037037037037037035
0.7249814677538919,0.7447782546494993,0.753246753246753,0.4941176470588235,0.3148148148148148
0.6960711638250556,0.7086695278969956,0.4285714285714286,0.6235294117647059,0.27777777777777773
0.31356560415122314,0.2692989985693848,0.2987012987012987,0.4470588235294118,0.0
0.5107487027427725,0.48909871244635184,0.5324675324675325,0.35294117647058826,0.14814814814814814
0.6834692364714604,0.6937911301859799,0.6753246753246753,0.588235294117647,0.3518518518518518
0.725722757598221,0.7458655221745351,0.7142857142857142,0.5411764705882354,0.09259259259259259
0.390659747961453,0.35576537911301864,0.5844155844155845,0.6470588235294117,0.037037037037037035
0.3936249073387694,0.35879828326180263,0.4545454545454546,0.5176470588235293,0.0
0.5774647887323945,0.5661230329041488,0.5974025974025972,0.6000000000000001,0.037037037037037035
0.48702742772424024,0.4552789699570815,0.3246753246753247,0.4588235294117647,0.2037037037037037
0.5997034840622685,0.5962231759656652,0.7272727272727273,0.4705882352941177,0.3518518518518518
0.5982209043736101,0.5949642346208869,0.4285714285714286,0.4705882352941177,0.2962962962962963
0.7020014825796888,0.7150214592274678,0.7142857142857142,0.37647058823529417,0.0
0.34766493699036327,0.30535050071530756,0.5584415584415583,0.7058823529411764,0.018518518518518517
0.7027427724240178,0.7163376251788268,0.22077922077922074,0.6470588235294117,0.05555555555555555
0.5411415863602669,0.5288698140200286,0.5714285714285714,0.5647058823529412,0.09259259259259259
0.4455151964418088,0.4209442060085836,0.6883116883116884,0.6000000000000001,0.09259259259259259
0.5011119347664938,0.47547925608011443,0.4545454545454546,0.4235294117647059,0.14814814814814814
0.8005930318754635,0.8372532188841201,0.4155844155844155,0.4823529411764706,0.537037037037037
0.37212750185322463,0.33510729613733903,0.36363636363636354,0.588235294117647,0.0
0.5352112676056339,0.5245779685264663,0.5714285714285714,0.4941176470588235,0.3148148148148148
0.6515937731653078,0.6602002861230328,0.5454545454545456,0.38823529411764707,0.12962962962962962
0.35656041512231285,0.3151931330472103,0.4155844155844155,0.7882352941176469,0.0
0.5107487027427725,0.48898426323319033,0.31168831168831157,0.5176470588235293,0.5185185185185186
0.7887323943661972,0.8236337625178826,0.3246753246753247,0.5058823529411764,0.574074074074074
0.7709414381022981,0.801716738197425,0.2987012987012987,0.30588235294117644,0.46296296296296297
0.4885100074128985,0.45705293276108716,0.46753246753246747,0.5058823529411764,0.3518518518518518
0.26315789473684215,0.2086981402002861,0.5324675324675325,0.7058823529411764,0.18518518518518517
0.5196441808747221,0.5086695278969956,0.5584415584415583,0.6352941176470588,0.46296296296296297
0.49221645663454416,0.46254649499284695,0.6233766233766234,0.4941176470588235,0.1111111111111111
0.40548554484803556,0.3736194563662375,0.5974025974025972,0.35294117647058826,0.018518518518518517
0.5092661230541142,0.48738197424892704,0.5064935064935063,0.4235294117647059,0.2037037037037037
0.5715344699777614,0.5604005722460658,0.4285714285714286,0.8470588235294116,0.0
0.681245366938473,0.6919599427753934,0.4545454545454546,0.6352941176470588,0.18518518518518517
0.7368421052631581,0.7582832618025751,0.46753246753246747,0.38823529411764707,0.4074074074074074
0.681245366938473,0.6921888412017166,0.5454545454545456,0.4941176470588235,0.25925925925925924
0.7212750185322462,0.7393991416309013,0.37662337662337664,0.27058823529411763,0.09259259259259259
0.5722757598220904,0.5602288984263232,0.5584415584415583,0.32941176470588235,0.27777777777777773
0.3543365455893255,0.31141630901287554,0.4285714285714286,0.611764705882353,0.37037037037037035
0.48702742772424024,0.47101573676680963,0.4025974025974026,0.5764705882352941,0.05555555555555555
0.2038547071905115,0.14861230329041486,0.46753246753246747,0.6000000000000001,0.0
0.7131208302446258,0.730414878397711,0.6233766233766234,0.4588235294117647,0.4259259259259259
0.3328391401037806,0.28984263233190266,0.5454545454545456,0.6235294117647059,0.4074074074074074
0.781319495922906,0.8129327610872675,0.5844155844155845,0.5176470588235293,0.25925925925925924
0.4833209785025946,0.45001430615164517,0.6363636363636365,0.2,0.27777777777777773
0.8028169014084507,0.8421173104434906,0.4415584415584415,0.4235294117647059,0.2222222222222222
0.30467012601927357,0.26100143061516445,0.8441558441558443,0.5529411764705883,0.0
0.686434395848777,0.6971101573676682,0.6103896103896103,0.5411764705882354,0.14814814814814814
0.6515937731653078,0.6517882689556508,0.35064935064935066,0.5058823529411764,0.037037037037037035
0.5100074128984433,0.4979113018597997,0.4415584415584415,0.5647058823529412,0.0
0.5930318754633063,0.5883261802575107,0.4415584415584415,0.37647058823529417,0.018518518518518517
0.44106745737583397,0.4158512160228899,0.5714285714285714,0.5529411764705883,0.0
0.3832468495181617,0.3484978540772532,0.4545454545454546,0.4941176470588235,0.27777777777777773
0.6960711638250556,0.708898426323319,0.36363636363636354,0.4823529411764706,0.3148148148148148
0.49221645663454416,0.4765092989985693,0.37662337662337664,0.5764705882352941,0.05555555555555555
0.4040029651593774,0.37138769670958505,0.5714285714285714,0.7176470588235293,0.2037037037037037
0.45885841363973323,0.43685264663805434,0.6623376623376622,0.5058823529411764,0.16666666666666666
0.5315048183839882,0.51931330472103,0.7792207792207793,0.4352941176470589,0.0
0.5878428465530023,0.5824892703862662,0.5584415584415583,0.4941176470588235,0.0
0.44180874722016317,0.3933047210300429,0.4415584415584415,0.4352941176470589,0.12962962962962962
0.6990363232023723,0.7117024320457795,0.2597402597402596,0.36470588235294116,0.07407407407407407
0.3973313565604152,0.3615450643776823,0.5584415584415583,0.6705882352941175,0.0
0.3891771682727948,0.35473533619456366,0.6493506493506491,0.588235294117647,0.27777777777777773
0.30541141586360265,0.2622603719599428,0.5064935064935063,0.6352941176470588,0.05555555555555555
0.6019273535952558,0.5995422031473533,0.4545454545454546,0.4941176470588235,0.0
0.7375833951074872,0.7591988555078685,0.31168831168831157,0.4470588235294118,0.0
0.7034840622683469,0.7167954220314735,0.4025974025974026,0.4470588235294118,0.3148148148148148
0.7783543365455895,0.8090987124463519,0.7012987012987011,0.29411764705882354,0.16666666666666666
0.7472201630837658,0.7698426323319026,0.37662337662337664,0.5058823529411764,0.2037037037037037
0.782060785767235,0.8137339055793992,0.48051948051948057,0.37647058823529417,0.14814814814814814
0.5559673832468497,0.5415164520743919,0.6363636363636365,0.27058823529411763,0.0
0.267605633802817,0.2132761087267525,0.48051948051948057,0.5529411764705883,0.27777777777777773
0.5181616011860638,0.5078111587982833,0.6753246753246753,0.5764705882352941,0.12962962962962962
0.42994810971089703,0.4005722460658082,0.5194805194805194,0.8235294117647058,0.037037037037037035
0.6649369903632321,0.6757081545064377,0.5584415584415583,0.34117647058823525,0.24074074074074076
0.6115641215715346,0.6117882689556507,0.5324675324675325,0.4235294117647059,0.5185185185185186
0.624907338769459,0.6183118741058654,0.4155844155844155,0.5764705882352941,0.0
0.5248332097850259,0.5042632331902718,0.4155844155844155,0.35294117647058826,0.25925925925925924
0.29206819866567835,0.24623748211731034,0.37662337662337664,0.4941176470588235,0.0
0.3602668643439585,0.3200572246065808,0.4155844155844155,0.4705882352941177,0.0
0.33358042994810977,0.2905293276108727,0.2727272727272727,0.4941176470588235,0.14814814814814814
0.8250555967383248,0.8684406294706725,0.5454545454545456,0.32941176470588235,0.0
0.346182357301705,0.3037482117310444,0.6103896103896103,0.611764705882353,0.0
0.6071163825055598,0.5978254649499283,0.37662337662337664,0.4941176470588235,0.1111111111111111
0.5574499629355079,0.5430042918454935,0.31168831168831157,0.4823529411764706,0.3888888888888889
0.35063009636767983,0.3084406294706723,0.48051948051948057,0.588235294117647,0.018518518518518517
0.2824314306893996,0.2322174535050071,0.5064935064935063,0.4941176470588235,0.0
0.4885100074128985,0.457110157367668,0.4155844155844155,0.6000000000000001,0.05555555555555555
0.619718309859155,0.6229470672389127,0.2857142857142856,0.4823529411764706,0.18518518518518517
0.3031875463306153,0.25974248927038623,0.6623376623376622,0.6941176470588235,0.0
0.21349147516679026,0.16137339055793987,0.48051948051948057,0.6235294117647059,0.27777777777777773
0.5515196441808748,0.5344778254649499,0.6753246753246753,0.27058823529411763,0.4074074074074074
0.4662713120830245,0.44457796852646625,0.6883116883116884,0.5294117647058822,0.037037037037037035
0.7064492216456636,0.7224606580829757,0.49350649350649345,0.5529411764705883,0.3888888888888889
0.5885841363973314,0.583233190271817,0.4285714285714286,0.5176470588235293,0.2222222222222222
0.5196441808747221,0.4989413447782546,0.5194805194805194,0.4941176470588235,0.4259259259259259
0.43587842846553004,0.40829756795422034,0.4285714285714286,0.8823529411764706,0.0
0.6701260192735361,0.6802288984263233,0.18181818181818166,0.6000000000000001,0.037037037037037035
0.40696812453669384,0.37539341917024327,0.5194805194805194,0.36470588235294116,0.018518518518518517
0.3543365455893255,0.31198855507868384,0.5064935064935063,0.5411764705882354,0.018518518518518517
0.5900667160859897,0.5816309012875537,0.49350649350649345,0.5294117647058822,0.0
0.6893995552260935,0.7015736766809729,0.6493506493506491,0.34117647058823525,0.0
0.6330615270570794,0.6380543633762518,0.37662337662337664,0.37647058823529417,0.46296296296296297
0.4751667902149741,0.4552789699570815,0.6233766233766234,0.5058823529411764,0.0
0.5011119347664938,0.4778254649499284,0.49350649350649345,0.4941176470588235,0.0
0.48480355819125287,0.46798283261802565,0.48051948051948057,0.6470588235294117,0.05555555555555555
0.3958487768717569,0.3608583690987124,0.6363636363636365,0.6705882352941175,0.1111111111111111
0.5463306152705709,0.5345350500715306,0.6363636363636365,0.5647058823529412,0.1111111111111111
0.2861378799110452,0.23565092989985692,0.6363636363636365,0.6705882352941175,0.1111111111111111
0.4329132690882136,0.4044635193133047,0.753246753246753,0.7058823529411764,0.3888888888888889
0.2683469236471461,0.21453505007153073,0.7922077922077924,0.8823529411764706,0.07407407407407407
0.2883617494440326,0.23999999999999988,0.6753246753246753,0.4823529411764706,0.05555555555555555
0.42253521126760574,0.3918741058655222,0.6363636363636365,0.7529411764705882,0.0
0.5715344699777614,0.5590844062947068,0.46753246753246747,0.6470588235294117,0.18518518518518517
0.30541141586360265,0.2622603719599428,0.7012987012987011,0.7529411764705882,0.09259259259259259
0.6167531504818384,0.6184263233190271,0.4025974025974026,0.29411764705882354,0.16666666666666666
0.6612305411415865,0.6705007153075823,0.3246753246753247,0.28235294117647064,0.2037037037037037
0.7049666419570053,0.7190844062947067,0.6233766233766234,0.5411764705882354,0.2037037037037037
0.48628613787991104,0.4694706723891273,0.6493506493506491,0.5294117647058822,0.14814814814814814
0.4381022979985174,0.4109298998569384,0.5844155844155845,0.6000000000000001,0.0
0.3395107487027428,0.2973962804005722,0.3896103896103895,0.5411764705882354,0.0
0.4114158636026687,0.379513590844063,0.6753246753246753,0.6823529411764706,0.0
0.742031134173462,0.7652646638054365,0.5454545454545456,0.37647058823529417,0.27777777777777773
0.5248332097850259,0.5042632331902718,0.805194805194805,0.5058823529411764,0.574074074074074
0.6945885841363975,0.7072389127324749,0.5844155844155845,0.35294117647058826,0.48148148148148145
0.4551519644180875,0.432618025751073,0.6103896103896103,0.8352941176470587,0.12962962962962962
0.5552260934025204,0.5395135908440628,0.46753246753246747,0.5764705882352941,0.2962962962962963
0.747961452928095,0.7702432045779685,0.6363636363636365,0.5294117647058822,0.25925925925925924
0.480355819125278,0.4466380543633762,0.5064935064935063,0.5294117647058822,0.0
0.6953298739807265,0.7082117310443491,0.4545454545454546,0.5411764705882354,0.0
0.553002223869533,0.5434048640915593,0.49350649350649345,0.5411764705882354,0.0
0.7331356560415123,0.7543919885550786,0.4415584415584415,0.5764705882352941,0.4259259259259259
0.6174944403261675,0.6188841201716738,0.37662337662337664,0.22352941176470592,0.1111111111111111
0.3899184581171239,0.35547925608011444,0.6363636363636365,0.7294117647058822,0.2962962962962963
0.496664195700519,0.47113018597997136,0.2857142857142856,0.6235294117647059,0.37037037037037035
0.5463306152705709,0.5282975679542204,0.37662337662337664,0.39999999999999997,0.0
0.6730911786508526,0.683719599427754,0.5064935064935063,0.6588235294117646,0.16666666666666666
0.4047442550037065,0.37264663805436327,0.7012987012987011,0.6705882352941175,0.1111111111111111
0.4899925871015568,0.4603147353361945,0.46753246753246747,0.35294117647058826,0.18518518518518517
0.34914751667902155,0.30723891273247483,0.48051948051948057,0.5176470588235293,0.0
0.4892512972572277,0.47284692417739616,0.7272727272727273,0.5647058823529412,0.16666666666666666
0.6330615270570794,0.63793991416309,0.31168831168831157,0.38823529411764707,0.48148148148148145
0.6901408450704226,0.702203147353362,0.5324675324675325,0.6000000000000001,0.7037037037037037
0.5203854707190513,0.510557939914163,0.6493506493506491,0.7176470588235293,0.09259259259259259
0.5811712379540401,0.57241773962804,0.36363636363636354,0.5176470588235293,0.24074074074074076
0.7131208302446258,0.7301287553648067,0.6233766233766234,0.5294117647058822,0.24074074074074076
0.6367679762787252,0.6421745350500715,0.6753246753246753,0.39999999999999997,0.0
0.5011119347664938,0.47816881258941335,0.6103896103896103,0.7176470588235293,0.2962962962962963
0.5641215715344701,0.5495278969957081,0.4285714285714286,0.5411764705882354,0.18518518518518517
0.45885841363973323,0.4370243204577968,0.5844155844155845,0.5411764705882354,0.24074074074074076
0.7776130467012603,0.8076108726752503,0.5324675324675325,0.39999999999999997,0.0
0.4306893995552261,0.40240343347639485,0.7792207792207793,0.6941176470588235,0.0
0.6523350630096368,0.6619170243204578,0.2727272727272727,0.5647058823529412,0.16666666666666666
0.33432171979243885,0.2919599427753934,0.6233766233766234,0.7647058823529411,0.0
0.295774647887324,0.2525894134477825,0.5454545454545456,0.6352941176470588,0.037037037037037035
0.6553002223869534,0.6645493562231758,0.5714285714285714,0.35294117647058826,0.4444444444444444
0.47813194959229066,0.45968526466380544,0.46753246753246747,0.6235294117647059,0.0
0.5100074128984433,0.4983118741058655,0.7402597402597404,0.6588235294117646,0.0
0.5270570793180134,0.507525035765379,0.5324675324675325,0.4705882352941177,0.4259259259259259
0.7412898443291328,0.7642346208869814,0.6883116883116884,0.5058823529411764,0.2962962962962963
0.36323202372127505,0.3245207439198855,0.4415584415584415,0.4235294117647059,0.0
0.39214232765011126,0.3578254649499284,0.36363636363636354,0.7411764705882353,0.14814814814814814
0.3810229799851742,0.3457510729613734,0.7272727272727273,0.7529411764705882,0.18518518518518517
0.5455893254262417,0.5344778254649499,0.5454545454545456,0.5411764705882354,0.0
0.5841363973313566,0.5777396280400572,0.2987012987012987,0.5294117647058822,0.18518518518518517
0.6011860637509268,0.5975393419170244,0.49350649350649345,0.4352941176470589,0.2962962962962963
0.4670126019273536,0.44600858369098706,0.5324675324675325,0.5176470588235293,0.14814814814814814
0.7227575982209046,0.742203147353362,0.24675324675324672,0.6235294117647059,0.2037037037037037
0.4959229058561898,0.48188841201716737,0.7662337662337662,0.8470588235294116,0.05555555555555555
0.7323943661971832,0.7541058655221745,0.3896103896103895,0.6588235294117646,0.07407407407407407
0.536693847294292,0.5252646638054365,0.7142857142857142,0.6705882352941175,0.0
0.3580429948109711,0.3173676680972818,0.46753246753246747,0.5529411764705883,0.037037037037037035
0.7568569310600446,0.7828326180257511,0.1298701298701299,0.4470588235294118,0.4074074074074074
0.7702001482579689,0.800972818311874,0.5844155844155845,0.6705882352941175,0.3888888888888889
0.26982950333580435,0.2177396280400572,0.5844155844155845,0.4705882352941177,0.1111111111111111
0.3580429948109711,0.3164520743919885,0.7922077922077924,0.4941176470588235,0.018518518518518517
0.41882876204596,0.3583977110157367,0.2857142857142856,0.4588235294117647,0.2962962962962963
0.5492957746478874,0.5323605150214591,0.36363636363636354,0.5176470588235293,0.09259259259259259
0.5196441808747221,0.5093562231759657,0.5714285714285714,0.5529411764705883,0.0
0.6782802075611565,0.6892703862660944,0.4025974025974026,0.24705882352941183,0.09259259259259259
0.42994810971089703,0.3713304721030043,0.4025974025974026,0.5529411764705883,0.2037037037037037
0.49369903632320233,0.4638626609442059,0.46753246753246747,0.27058823529411763,0.3888888888888889
0.18754633061527062,0.13007153075822597,0.805194805194805,0.5764705882352941,0.0
0.5463306152705709,0.5277825464949929,0.2597402597402596,0.34117647058823525,0.24074074074074076
0.16975537435137142,0.10826895565092987,0.5194805194805194,0.7411764705882353,0.07407407407407407
0.5930318754633063,0.5834048640915593,0.48051948051948057,0.611764705882353,0.0
0.7553743513713863,0.780486409155937,0.6363636363636365,0.4823529411764706,0.018518518518518517
0.5478131949592291,0.5368812589413449,0.6753246753246753,0.5764705882352941,0.0
0.681245366938473,0.6926466380543633,0.2987012987012987,0.5411764705882354,0.05555555555555555
0.4395848776871758,0.41327610872675236,0.2987012987012987,0.38823529411764707,0.0
0.5841363973313566,0.5768812589413447,0.46753246753246747,0.5647058823529412,0.0
0.5537435137138622,0.538140200286123,0.6103896103896103,0.34117647058823525,0.4444444444444444
0.5804299481097109,0.5708726752503576,0.22077922077922074,0.23529411764705882,0.09259259259259259
0.4892512972572277,0.4587124463519312,0.4415584415584415,0.4470588235294118,0.6666666666666667
0.5937731653076355,0.5887267525035763,0.4545454545454546,0.35294117647058826,0.3518518518518518
0.2868791697553744,0.2372532188841201,0.7012987012987011,0.6235294117647059,0.0
0.5841363973313566,0.5724749642346209,0.6753246753246753,0.7647058823529411,0.0
0.7183098591549297,0.737110157367668,0.4155844155844155,0.4588235294117647,0.14814814814814814
0.4684951816160119,0.4478397711015737,0.3246753246753247,0.7058823529411764,0.0
0.4166048925129726,0.3840915593705293,0.6493506493506491,0.4823529411764706,0.07407407407407407
0.5722757598220904,0.5594849785407724,0.5454545454545456,0.5176470588235293,0.16666666666666666
0.5485544848035582,0.5372246065808296,0.7402597402597404,0.6000000000000001,0.018518518518518517
0.597479614529281,0.5944492131616593,0.3896103896103895,0.38823529411764707,0.018518518518518517
0.41438102297998525,0.38157367668097275,0.5584415584415583,0.5529411764705883,0.0
0.5908080059303188,0.5850071530758226,0.7012987012987011,0.5058823529411764,0.3518518518518518
0.6160118606375093,0.6177396280400572,0.5064935064935063,0.36470588235294116,0.3333333333333333
0.6256486286137881,0.6292417739628039,0.5064935064935063,0.7882352941176469,0.0
0.26908821349147516,0.21608011444921305,0.7012987012987011,0.5529411764705883,0.4444444444444444
0.4232765011119348,0.39250357653791124,0.5454545454545456,0.6823529411764706,0.07407407407407407
0.4603409933283914,0.4387982832618025,0.7012987012987011,0.5764705882352941,0.05555555555555555
0.5174203113417346,0.5072961373390558,0.6753246753246753,0.5294117647058822,0.0
0.5270570793180134,0.506552217453505,0.7012987012987011,0.5176470588235293,0.0
0.5715344699777614,0.5586266094420601,0.3246753246753247,0.6000000000000001,0.5555555555555556
0.5270570793180134,0.5073533619456364,0.24675324675324672,0.25882352941176473,0.3888888888888889
0.45811712379540415,0.4359370529327611,0.33766233766233755,0.4705882352941177,0.37037037037037035
0.5433654558932542,0.525035765379113,0.4545454545454546,0.35294117647058826,0.27777777777777773
0.4166048925129726,0.3842632331902718,0.6103896103896103,0.8941176470588235,0.24074074074074076
0.0,0.0,0.7402597402597404,0.6352941176470588,0.0
0.4988880652335064,0.47399141630901287,0.7142857142857142,0.39999999999999997,0.18518518518518517
0.49369903632320233,0.47776824034334764,0.5844155844155845,0.6235294117647059,0.1111111111111111
0.502594514455152,0.4896137339055793,0.4155844155844155,0.4470588235294118,0.2037037037037037
0.24981467753891776,0.19782546494992848,0.5064935064935063,0.6470588235294117,0.0
0.6634544106745739,0.6740486409155938,0.36363636363636354,0.25882352941176473,0.49999999999999994
0.4773906597479616,0.4589985693848354,0.37662337662337664,0.6705882352941175,0.0
0.3513713862120089,0.308898426323319,0.6233766233766234,0.588235294117647,0.018518518518518517
0.47220163083765754,0.4525894134477825,0.6233766233766234,0.5411764705882354,0.0
0.3528539659006672,0.3107296137339055,0.5064935064935063,0.5058823529411764,0.0
0.27872498146775393,0.2284978540772532,0.6883116883116884,0.611764705882353,0.0
0.6426982950333582,0.6481831187410586,0.31168831168831157,0.6588235294117646,0.3518518518518518
0.5226093402520386,0.5020314735336194,0.4415584415584415,0.35294117647058826,0.537037037037037
0.5426241660489252,0.5244635193133046,0.6103896103896103,0.411764705882353,0.4074074074074074
0.27724240177909565,0.22746781115879833,0.7272727272727273,0.588235294117647,0.2037037037037037
0.3832468495181617,0.3476394849785407,0.5454545454545456,0.4941176470588235,0.6111111111111112
0.569310600444774,0.5577110157367667,0.46753246753246747,0.776470588235294,0.12962962962962962
0.6397331356560416,0.6449213161659514,0.5714285714285714,0.37647058823529417,0.12962962962962962
0.7042253521126762,0.7172532188841202,0.33766233766233755,0.6705882352941175,0.09259259259259259
0.38472942920681996,0.3494706723891273,0.46753246753246747,0.5058823529411764,0.18518518518518517
0.2742772424017792,0.2233476394849785,0.49350649350649345,0.4823529411764706,0.2037037037037037
0.5011119347664938,0.47816881258941335,0.37662337662337664,0.4470588235294118,0.18518518518518517
0.5678280207561156,0.5558226037195994,0.5454545454545456,0.5647058823529412,0.2037037037037037
0.5552260934025204,0.5400858369098712,0.5454545454545456,0.34117647058823525,0.3333333333333333
0.7064492216456636,0.7228040057224606,0.48051948051948057,0.6588235294117646,0.12962962962962962
0.7301704966641959,0.7512446351931329,0.36363636363636354,0.4470588235294118,0.1111111111111111
0.6856931060044479,0.696480686695279,0.2857142857142856,0.4588235294117647,0.14814814814814814
0.5648628613787992,0.5503862660944207,0.2857142857142856,0.4235294117647059,0.037037037037037035
0.4974054855448481,0.4829756795422031,0.4415584415584415,0.4705882352941177,0.037037037037037035
0.37138621200889554,0.33390557939914167,0.5064935064935063,0.8,0.0
0.24684951816160125,0.19473533619456362,0.5324675324675325,0.588235294117647,0.2037037037037037
0.37138621200889554,0.33436337625178825,0.5324675324675325,0.9647058823529411,0.2962962962962963
0.3758339510748703,0.3388841201716737,0.46753246753246747,0.7882352941176469,0.0
0.5871015567086733,0.5761373390557939,0.20779220779220764,0.6000000000000001,0.0
0.45589325426241656,0.4333047210300428,0.7142857142857142,0.7529411764705882,0.0
0.5730170496664196,0.5608583690987125,0.4155844155844155,0.5058823529411764,0.09259259259259259
0.469236471460341,0.448698140200286,0.5974025974025972,0.4941176470588235,0.3148148148148148
0.5285396590066717,0.5086695278969956,0.3246753246753247,0.4235294117647059,0.018518518518518517
0.4314306893995552,0.4034907010014306,0.48051948051948057,0.30588235294117644,0.09259259259259259
0.5833951074870275,0.5758512160228898,0.3896103896103895,0.4588235294117647,0.3148148148148148
0.41512231282431433,0.38260371959942774,0.5584415584415583,0.5176470588235293,0.27777777777777773
0.4336545589325427,0.4056080114449212,0.2857142857142856,0.6941176470588235,0.3888888888888889
0.5611564121571535,0.5466094420600859,0.2727272727272727,0.4352941176470589,0.5555555555555556
0.5841363973313566,0.5772818311874105,0.5194805194805194,0.4470588235294118,0.18518518518518517
0.597479614529281,0.5886695278969957,0.33766233766233755,0.4705882352941177,0.0
0.5826538176426984,0.5745350500715306,0.31168831168831157,0.36470588235294116,0.0
0.2883617494440326,0.23834048640915584,0.5714285714285714,0.5764705882352941,0.2037037037037037
0.2802075611564122,0.2299284692417739,0.4415584415584415,0.6470588235294117,0.14814814814814814
0.5789473684210527,0.5700715307582259,0.5844155844155845,0.39999999999999997,0.1111111111111111
0.37805782060785775,0.34180257510729617,0.6103896103896103,0.588235294117647,0.0
0.680504077094144,0.6911587982832618,0.4545454545454546,0.4705882352941177,0.6481481481481481
0.6819866567828021,0.69310443490701,0.4285714285714286,0.28235294117647064,0.16666666666666666
0.40770941438102304,0.37613733905579405,0.7272727272727273,0.5176470588235293,0.3148148148148148
0.5248332097850259,0.5043204577968526,0.5584415584415583,0.6235294117647059,0.16666666666666666
0.27353595255745,0.2223175965665236,0.6753246753246753,0.7176470588235293,0.037037037037037035
0.23721275018532248,0.18191702432045775,0.6233766233766234,0.6823529411764706,0.0
0.480355819125278,0.4612875536480686,0.6233766233766234,0.6705882352941175,0.0
0.4907338769458859,0.47490701001430613,0.24675324675324672,0.5294117647058822,0.0
0.4885100074128985,0.4726180257510729,0.5064935064935063,0.7882352941176469,0.2037037037037037
0.3869532987398073,0.3519885550786839,0.4025974025974026,0.6000000000000001,0.0
0.4699777613046703,0.4499570815450643,0.5324675324675325,0.6235294117647059,0.18518518518518517
0.7524091919940697,0.7759656652360515,0.37662337662337664,0.4352941176470589,0.3518518518518518
0.5226093402520386,0.502145922746781,0.6753246753246753,0.6941176470588235,0.48148148148148145
0.759080800593032,0.7843204577968527,0.5194805194805194,0.5058823529411764,0.2222222222222222
0.42994810971089703,0.4008583690987124,0.4285714285714286,0.4352941176470589,0.037037037037037035
0.8169014084507045,0.8566523605150215,0.4155844155844155,0.29411764705882354,0.2222222222222222
0.5137138621200891,0.5032904148783978,0.6233766233766234,0.31764705882352945,0.0
0.6397331356560416,0.6446924177396279,0.37662337662337664,0.34117647058823525,0.2222222222222222
0.6204595997034842,0.6232904148783976,0.07792207792207795,0.6823529411764706,0.0
0.4877687175685693,0.47141630901287546,0.5194805194805194,0.611764705882353,0.0
0.24907338769458862,0.19696709585121608,0.6623376623376622,0.7647058823529411,0.018518518518518517
0.4907338769458859,0.4606008583690987,0.49350649350649345,0.5294117647058822,0.2037037037037037
0.3291326908821349,0.28440629470672385,0.6883116883116884,0.5058823529411764,0.05555555555555555
0.7353595255744998,0.755307582260372,0.36363636363636354,0.36470588235294116,0.09259259259259259
0.4343958487768719,0.4069241773962804,0.6363636363636365,0.588235294117647,0.18518518518518517
0.44106745737583397,0.41602288984263236,0.6103896103896103,0.776470588235294,0.27777777777777773
0.4114158636026687,0.37911301859799706,0.49350649350649345,0.6352941176470588,0.25925925925925924
0.507783543365456,0.4850357653791131,0.35064935064935066,0.25882352941176473,0.0
0.7005189028910305,0.7139341917024321,0.31168831168831157,0.5058823529411764,0.3333333333333333
0.28391401037805786,0.23290414878397703,0.37662337662337664,0.5647058823529412,0.0
0.5744996293550779,0.5624606580829757,0.5064935064935063,0.32941176470588235,0.4444444444444444
0.5893254262416606,0.5835193133047208,0.49350649350649345,0.6941176470588235,0.16666666666666666
0.6827279466271313,0.6936194563662373,0.2727272727272727,0.27058823529411763,0.2037037037037037
0.30763528539659013,0.26489270386266095,0.33766233766233755,0.7058823529411764,0.25925925925925924
0.5470719051149,0.5292131616595136,0.1428571428571428,0.29411764705882354,0.27777777777777773
0.3876945885841364,0.35233190271816883,0.5064935064935063,0.8,0.16666666666666666
0.5411415863602669,0.5234334763948497,0.5324675324675325,0.4235294117647059,0.0
0.3291326908821349,0.2844635193133047,0.4285714285714286,0.6941176470588235,0.0
0.759080800593032,0.7843204577968527,0.6103896103896103,0.31764705882352945,0.3518518518518518
0.22386953298739812,0.16669527896995706,0.5324675324675325,0.6235294117647059,0.0
0.659006671608599,0.6687267525035766,0.5844155844155845,0.35294117647058826,0.2037037037037037
0.374351371386212,0.33733905579399137,0.7142857142857142,0.38823529411764707,0.07407407407407407
0.7724240177909565,0.8034907010014306,0.31168831168831157,0.39999999999999997,0.49999999999999994
0.5322461082283174,0.512904148783977,0.5324675324675325,0.6000000000000001,0.14814814814814814
0.4091919940696813,0.3773390557939913,0.49350649350649345,0.5294117647058822,0.0
0.5611564121571535,0.5496423462088699,0.4025974025974026,0.6823529411764706,0.5555555555555556
0.7190511489992588,0.7376824034334762,0.6103896103896103,0.39999999999999997,0.037037037037037035
0.558191252779837,0.5471816881258941,0.7272727272727273,0.6000000000000001,0.0
0.49369903632320233,0.4782260371959943,0.4285714285714286,0.5764705882352941,0.1111111111111111
0.6145292809488511,0.6165379113018598,0.3896103896103895,0.4823529411764706,0.5185185185185186
0.5767234988880653,0.5654363376251786,0.1298701298701299,0.4588235294117647,0.18518518518518517
0.32839140103780573,0.28354792560801145,0.5714285714285714,0.6941176470588235,0.12962962962962962
0.6530763528539659,0.6627181688125893,0.5974025974025972,0.39999999999999997,0.2962962962962963
0.7123795404002966,0.7289270386266092,0.6363636363636365,0.4235294117647059,0.4259259259259259
0.4180874722016309,0.38620886981402003,0.4415584415584415,0.5764705882352941,0.12962962962962962
0.2750185322461083,0.22420600858369089,0.4415584415584415,0.5411764705882354,0.037037037037037035
0.4314306893995552,0.4029184549356222,0.4155844155844155,0.588235294117647,0.2222222222222222
0.624907338769459,0.6187696709585121,0.37662337662337664,0.6352941176470588,0.0
0.44848035581912526,0.42380543633762513,0.4155844155844155,0.5647058823529412,0.0
0.5233506300963677,0.5022031473533619,0.4545454545454546,0.38823529411764707,0.2037037037037037
0.5819125277983693,0.5744206008583689,0.49350649350649345,0.5176470588235293,0.2222222222222222
0.6738324684951817,0.684005722460658,0.5584415584415583,0.5294117647058822,0.2037037037037037
0.7746478873239437,0.8052074391988554,0.36363636363636354,0.31764705882352945,0.37037037037037035
0.4329132690882136,0.40412017167381964,0.4155844155844155,0.7411764705882353,0.037037037037037035
0.4610822831727206,0.4229470672389126,0.2857142857142856,0.4470588235294118,0.0
0.535952557449963,0.5181115879828327,0.5324675324675325,0.32941176470588235,0.537037037037037
0.45589325426241656,0.4113304721030042,0.49350649350649345,0.32941176470588235,0.4074074074074074
0.6604892512972572,0.669871244635193,0.46753246753246747,0.5764705882352941,0.4259259259259259
0.5211267605633804,0.501173104434907,0.48051948051948057,0.6705882352941175,0.4259259259259259
0.18680504077094148,0.12909871244635185,0.6753246753246753,0.6705882352941175,0.037037037037037035
0.4892512972572277,0.4730758226037196,0.5974025974025972,0.32941176470588235,0.14814814814814814
0.5915492957746479,0.5818597997138769,0.4415584415584415,0.6941176470588235,0.0
0.5292809488510007,0.508898426323319,0.4545454545454546,0.5294117647058822,0.24074074074074076
0.5070422535211269,0.4845779685264663,0.4415584415584415,0.4352941176470589,0.3333333333333333
0.4818383988139364,0.4646638054363377,0.6103896103896103,0.5529411764705883,0.3518518518518518
0.27575982209043737,0.2243204577968526,0.4155844155844155,0.6705882352941175,0.27777777777777773
0.41882876204596,0.3874105865522175,0.5324675324675325,0.6941176470588235,0.0
0.6263899184581172,0.6299856938483547,0.5584415584415583,0.6588235294117646,0.24074074074074076
0.6352853965900668,0.6401144492131617,0.4025974025974026,0.39999999999999997,0.3333333333333333
0.7524091919940697,0.7767095851216023,0.4025974025974026,0.5176470588235293,0.018518518518518517
0.37879911045218684,0.3428898426323319,0.5844155844155845,0.8705882352941177,0.2037037037037037
0.3876945885841364,0.35227467811158786,0.4415584415584415,0.4823529411764706,0.16666666666666666
0.5604151223128243,0.5455793991416308,0.5844155844155845,0.35294117647058826,0.4444444444444444
0.44255003706449225,0.4173962804005722,0.6623376623376622,0.5647058823529412,0.25925925925925924
0.6508524833209786,0.659170243204578,0.4285714285714286,0.4941176470588235,0.2222222222222222
0.608598962194218,0.6074964234620887,0.24675324675324672,0.37647058823529417,0.0
0.4951816160118607,0.48062947067238904,0.4155844155844155,0.6352941176470588,0.037037037037037035
0.3936249073387694,0.35891273247496414,0.4545454545454546,0.6823529411764706,0.0
0.4610822831727206,0.439656652360515,0.5714285714285714,0.776470588235294,0.0
0.5426241660489252,0.5249785407725321,0.48051948051948057,0.4823529411764706,0.09259259259259259
0.608598962194218,0.6072103004291846,0.4415584415584415,0.5411764705882354,0.1111111111111111
0.5300222386953299,0.5099284692417739,0.2857142857142856,0.4352941176470589,0.48148148148148145
0.4114158636026687,0.379513590844063,0.4415584415584415,0.6352941176470588,0.0
0.47813194959229066,0.4594563662374821,0.5064935064935063,0.411764705882353,0.0
0.45070422535211263,0.42666666666666664,0.6103896103896103,0.7058823529411764,0.18518518518518517
0.34247590808005934,0.30002861230329037,0.3896103896103895,0.6352941176470588,0.16666666666666666
0.5381764269829504,0.5262947067238911,0.5584415584415583,0.5058823529411764,0.2962962962962963
0.3328391401037806,0.2894992846924177,0.6883116883116884,0.5647058823529412,0.25925925925925924
0.4329132690882136,0.4041773962804005,0.5324675324675325,0.8705882352941177,0.0
0.7234988880652337,0.7430042918454934,0.5584415584415583,0.4823529411764706,0.3888888888888889
0.6901408450704226,0.7023175965665237,0.23376623376623362,0.39999999999999997,0.2222222222222222
0.38472942920681996,0.35015736766809713,0.2727272727272727,0.6352941176470588,0.0
0.4388435878428466,0.4123605150214591,0.7922077922077924,0.5764705882352941,0.12962962962962962
0.39214232765011126,0.3581115879828326,0.5714285714285714,0.7294117647058822,0.0
0.5441067457375836,0.5325321888412017,0.5064935064935063,0.588235294117647,0.0
0.5663454410674574,0.5518168812589413,0.4285714285714286,0.5529411764705883,0.4074074074074074
0.7116382505559675,0.7272103004291844,0.4545454545454546,0.5058823529411764,0.25925925925925924
0.5352112676056339,0.5168526466380544,0.4285714285714286,0.34117647058823525,0.24074074074074076
0.42698295033358047,0.39765379113018595,0.4415584415584415,0.8117647058823529,0.07407407407407407
0.45589325426241656,0.43353361945636626,0.6103896103896103,0.4823529411764706,0.0
0.7049666419570053,0.7202288984263233,0.37662337662337664,0.5411764705882354,0.5185185185185186
0.6063750926612307,0.604635193133047,0.5844155844155845,0.6000000000000001,0.037037037037037035
0.5337286879169756,0.5146208869814018,0.5194805194805194,0.38823529411764707,0.16666666666666666
0.4759080800593033,0.44103004291845493,0.36363636363636354,0.411764705882353,0.2962962962962963
0.5485544848035582,0.53173104434907,0.37662337662337664,0.39999999999999997,0.2962962962962963
0.4544106745737584,0.4311874105865523,0.5194805194805194,0.5764705882352941,0.3333333333333333
0.830985915492958,0.8765092989985693,0.4155844155844155,0.32941176470588235,0.2037037037037037
0.6145292809488511,0.6161373390557939,0.4155844155844155,0.5764705882352941,0.018518518518518517
0.20830244625648628,0.15690987124463518,0.35064935064935066,0.8235294117647058,0.12962962962962962
0.2505559673832469,0.19874105865522163,0.7272727272727273,0.7529411764705882,0.48148148148148145
0.5263157894736843,0.5144492131616595,0.4415584415584415,0.6588235294117646,0.3148148148148148
0.4892512972572277,0.47399141630901287,0.2597402597402596,0.6470588235294117,0.07407407407407407
0.6523350630096368,0.6619170243204578,0.49350649350649345,0.4470588235294118,0.24074074074074076
0.7494440326167533,0.7723605150214591,0.5454545454545456,0.7882352941176469,0.0
0.5678280207561156,0.5541630901287552,0.4025974025974026,0.4235294117647059,0.07407407407407407
0.4440326167531504,0.41962804005722454,0.4285714285714286,0.588235294117647,0.12962962962962962
0.8094885100074132,0.8500143061516453,0.6883116883116884,0.4941176470588235,0.1111111111111111
0.530763528539659,0.5185693848354792,0.9610389610389609,0.8470588235294116,0.0
0.34840622683469236,0.3063233190271816,0.4415584415584415,0.4588235294117647,0.0
0.5240919199406968,0.5039198855507868,0.46753246753246747,0.1764705882352941,0.1111111111111111
0.5478131949592291,0.5309871244635193,0.2727272727272727,0.5529411764705883,0.4444444444444444
0.4825796886582655,0.4648927038626609,0.49350649350649345,0.9058823529411764,0.037037037037037035
0.4373610081541883,0.4106437768240343,0.35064935064935066,0.7411764705882353,0.12962962962962962
0.4440326167531504,0.41945636623748206,0.4415584415584415,0.6705882352941175,0.0
0.6241660489251298,0.6277539341917023,0.5974025974025972,0.4352941176470589,0.46296296296296297
0.36323202372127505,0.32417739628040054,0.5194805194805194,0.6000000000000001,0.0
0.40622683469236476,0.3745922746781115,0.4155844155844155,0.5176470588235293,0.1111111111111111
0.7509266123054115,0.7747067238912732,0.6103896103896103,0.5529411764705883,0.3148148148148148
0.7412898443291328,0.7640057224606581,0.37662337662337664,0.588235294117647,0.5925925925925926
0.40770941438102304,0.37625178826895556,0.5714285714285714,0.7647058823529411,0.0
0.5641215715344701,0.5491845493562232,0.46753246753246747,0.4352941176470589,0.4074074074074074
0.6827279466271313,0.6937911301859799,0.5194805194805194,0.5058823529411764,0.0
0.3372868791697554,0.2945350500715307,0.6233766233766234,0.4705882352941177,0.2962962962962963
0.34988880652335064,0.3076967095851215,0.5714285714285714,0.7176470588235293,0.14814814814814814
0.6916234247590808,0.7034048640915594,0.5324675324675325,0.39999999999999997,0.3888888888888889
0.4662713120830245,0.445379113018598,0.6363636363636365,0.35294117647058826,0.0
0.3817642698295033,0.34597997138769665,0.3896103896103895,0.611764705882353,0.0
0.5552260934025204,0.5396280400572245,0.5714285714285714,0.23529411764705882,0.27777777777777773
0.47146034099332845,0.45190271816881245,0.6233766233766234,0.8470588235294116,0.0
0.70941438102298,0.7253218884120171,0.3246753246753247,0.4470588235294118,0.24074074074074076
0.41586360266864353,0.3830615164520743,0.31168831168831157,0.5529411764705883,0.16666666666666666
0.6708673091178652,0.6810872675250358,0.4155844155844155,0.5411764705882354,0.018518518518518517
0.3313565604151223,0.2879542203147354,0.5194805194805194,0.7647058823529411,0.0
0.6664195700518903,0.6766809728183117,0.5714285714285714,0.4705882352941177,0.05555555555555555
0.535952557449963,0.5251502145922747,0.5974025974025972,0.5764705882352941,0.05555555555555555
0.6278724981467755,0.6314163090128754,0.6103896103896103,0.7529411764705882,0.24074074074074076
0.6708673091178652,0.6802861230329039,0.24675324675324672,0.1764705882352941,0.3148148148148148
0.65826538176427,0.667238912732475,0.6363636363636365,0.4235294117647059,0.18518518518518517
0.6693847294292069,0.6791416309012875,0.7142857142857142,0.6000000000000001,0.3333333333333333
0.6189770200148259,0.6218025751072961,0.46753246753246747,0.4941176470588235,0.4074074074074074
0.43661971830985913,0.4098998569384834,0.48051948051948057,0.5764705882352941,0.0
0.24017790956263904,0.18706723891273247,0.6623376623376622,0.6823529411764706,0.05555555555555555
0.3728687916975538,0.3361373390557939,0.5844155844155845,0.5058823529411764,0.2962962962962963
0.18902891030392885,0.13007153075822597,0.4545454545454546,0.7882352941176469,0.05555555555555555
0.7457375833951075,0.7685836909871243,0.6883116883116884,0.35294117647058826,0.46296296296296297
0.40622683469236476,0.3740200286123033,0.5844155844155845,0.5529411764705883,0.0
0.40548554484803556,0.3731616595135908,0.5584415584415583,0.6823529411764706,0.0
0.7212750185322462,0.7396280400572245,0.19480519480519476,0.34117647058823525,0.1111111111111111
0.4114158636026687,0.3793419170243205,0.8311688311688312,0.4941176470588235,0.0
0.34766493699036327,0.30580829756795413,0.7922077922077924,0.6352941176470588,0.12962962962962962
0.47294292068198673,0.45293276108726743,0.4285714285714286,0.5411764705882354,0.0
0.4455151964418088,0.42105865522174535,0.35064935064935066,0.7294117647058822,0.0
0.6745737583395108,0.684692417739628,0.4285714285714286,0.411764705882353,0.37037037037037035
0.42846553002223875,0.39891273247496417,0.4155844155844155,0.5647058823529412,0.12962962962962962
0.44477390659747973,0.42060085836909866,0.4545454545454546,0.8352941176470587,0.2222222222222222
0.4633061527057081,0.44114449213161655,0.6233766233766234,0.4823529411764706,0.09259259259259259
0.6693847294292069,0.6788555078683832,0.4415584415584415,0.4235294117647059,0.4444444444444444
0.4974054855448481,0.47158798283261794,0.4025974025974026,0.4235294117647059,0.2962962962962963
0.3224610822831727,0.2790271816881259,0.6493506493506491,0.7294117647058822,0.0
0.424759080800593,0.39450643776824024,0.6493506493506491,0.6352941176470588,0.0
0.28984432913269087,0.2417167381974249,0.4415584415584415,0.6000000000000001,0.0
0.5011119347664938,0.47587982832618014,0.5064935064935063,0.5176470588235293,0.0
0.6145292809488511,0.616423462088698,0.7142857142857142,0.22352941176470592,0.12962962962962962
0.5670867309117865,0.5530758226037195,0.35064935064935066,0.38823529411764707,0.2037037037037037
0.624907338769459,0.6290701001430615,0.49350649350649345,0.5529411764705883,0.18518518518518517
0.5730170496664196,0.5610872675250357,0.49350649350649345,0.6705882352941175,0.3888888888888889
0.5263157894736843,0.5064949928469241,0.4415584415584415,0.31764705882352945,0.2222222222222222
0.4551519644180875,0.4324463519313305,0.9480519480519483,0.5529411764705883,0.037037037037037035
0.4951816160118607,0.48005722460658085,0.5324675324675325,0.5764705882352941,0.0
0.6612305411415865,0.6701001430615164,0.2597402597402596,0.4705882352941177,0.4074074074074074
0.4373610081541883,0.4100715307582259,0.6363636363636365,0.7176470588235293,0.0
0.28465530022238694,0.2341058655221745,0.5974025974025972,0.4941176470588235,0.037037037037037035
0.6767976278724982,0.6879542203147352,0.5194805194805194,0.611764705882353,0.6296296296296295
0.4744255003706449,0.4542489270386265,0.5974025974025972,0.6235294117647059,0.574074074074074
0.5819125277983693,0.5736766809728183,0.6883116883116884,0.5647058823529412,0.4444444444444444
0.6234247590808006,0.62689556509299,0.6623376623376622,0.4941176470588235,0.16666666666666666
0.7331356560415123,0.754334763948498,0.2857142857142856,0.34117647058823525,0.05555555555555555
0.35063009636767983,0.3087267525035765,0.5584415584415583,0.5647058823529412,0.14814814814814814
0.5930318754633063,0.5881545064377681,0.46753246753246747,0.24705882352941183,0.5185185185185186
0.2876204595997035,0.23788268955650937,0.4415584415584415,0.6823529411764706,0.14814814814814814
0.6923647146034101,0.7048354792560801,0.3896103896103895,0.4823529411764706,0.12962962962962962
0.4047442550037065,0.372761087267525,0.5974025974025972,0.35294117647058826,0.46296296296296297
0.25500370644922166,0.20085836909871235,0.5974025974025972,0.6823529411764706,0.0
0.6367679762787252,0.6415450643776824,0.33766233766233755,0.4352941176470589,0.2222222222222222
0.6160118606375093,0.6173962804005723,0.33766233766233755,0.6352941176470588,0.3148148148148148
0.7049666419570053,0.7190271816881258,0.5064935064935063,0.28235294117647064,0.18518518518518517
0.3157894736842105,0.27147353361945625,0.5974025974025972,0.5764705882352941,0.0
0.32839140103780573,0.2834907010014306,0.7142857142857142,0.5176470588235293,0.4074074074074074
0.5596738324684952,0.5454077253218884,0.6883116883116884,0.776470588235294,0.037037037037037035
0.563380281690141,0.5514735336194564,0.7012987012987011,0.6941176470588235,0.0
0.5226093402520386,0.5117024320457796,0.6493506493506491,0.4470588235294118,0.05555555555555555
0.6827279466271313,0.6935050071530756,0.6233766233766234,0.1764705882352941,0.25925925925925924
0.8087472201630839,0.8476108726752504,0.6103896103896103,0.34117647058823525,0.2037037037037037
0.4699777613046703,0.45018597997138765,0.7272727272727273,0.6352941176470588,0.018518518518518517
0.41289844329132686,0.3807725321888412,0.7662337662337662,0.411764705882353,0.12962962962962962
0.5018532246108229,0.4887553648068669,0.857142857142857,0.4352941176470589,0.0
0.6842105263157895,0.694763948497854,0.4415584415584415,0.29411764705882354,0.27777777777777773
0.2965159377316531,0.25310443490701007,0.5324675324675325,0.7882352941176469,0.12962962962962962
0.7346182357301705,0.7551359084406294,0.5714285714285714,0.36470588235294116,0.12962962962962962
0.6108228317272054,0.6105293276108726,0.4285714285714286,0.588235294117647,0.2222222222222222
0.6767976278724982,0.6876680972818311,0.6493506493506491,0.4235294117647059,0.27777777777777773
0.6968124536693848,0.7093562231759657,0.49350649350649345,0.11764705882352944,0.16666666666666666
0.29280948851000743,0.24738197424892705,0.5844155844155845,0.5294117647058822,0.0
0.3802816901408451,0.34483547925608016,0.5974025974025972,0.6941176470588235,0.07407407407407407
0.4388435878428466,0.41270386266094417,0.5584415584415583,0.6470588235294117,0.4259259259259259
0.6026686434395849,0.6001144492131617,0.5324675324675325,0.4823529411764706,0.3518518518518518
0.3543365455893255,0.31164520743919877,0.4545454545454546,0.6352941176470588,0.0
0.6782802075611565,0.6893848354792559,0.2727272727272727,0.588235294117647,0.24074074074074076
0.3454410674573759,0.3034048640915593,0.5324675324675325,0.6588235294117646,0.0
0.7049666419570053,0.7200000000000001,0.6363636363636365,0.30588235294117644,0.2037037037037037
0.759080800593032,0.7845493562231759,0.5454545454545456,0.5058823529411764,0.537037037037037
0.6071163825055598,0.605722460658083,0.4025974025974026,0.39999999999999997,0.1111111111111111
0.5952557449962936,0.5906151645207439,0.4155844155844155,0.611764705882353,0.0
0.496664195700519,0.48274678111587976,0.4155844155844155,0.5764705882352941,0.0
0.7449962935507785,0.7681258941344778,0.5584415584415583,0.6235294117647059,0.09259259259259259
0.8028169014084507,0.8420600858369097,0.5194805194805194,0.1529411764705882,0.18518518518518517
0.44996293550778355,0.42620886981402006,0.49350649350649345,0.5176470588235293,0.2222222222222222
0.6449221645663455,0.6508154506437768,0.3246753246753247,0.39999999999999997,0.07407407407407407
0.7716827279466272,0.803319027181688,0.5064935064935063,0.5647058823529412,0.37037037037037035
0.4684951816160119,0.44818311874105865,0.7922077922077924,0.5647058823529412,0.18518518518518517
0.8554484803558193,0.8929899856938482,0.33766233766233755,0.4705882352941177,0.37037037037037035
0.5782060785767236,0.5647496423462087,0.5974025974025972,0.6823529411764706,0.2962962962962963
0.6627131208302447,0.6724463519313305,0.49350649350649345,0.411764705882353,0.48148148148148145
0.6286137879911046,0.6316452074391988,0.6103896103896103,0.6352941176470588,0.37037037037037035
0.7553743513713863,0.7796280400572245,0.753246753246753,0.588235294117647,0.48148148148148145
0.45885841363973323,0.4371959942775393,0.6103896103896103,0.6588235294117646,0.0
0.6048925129725723,0.6034334763948498,0.33766233766233755,0.31764705882352945,0.0
0.641957005189029,0.6404005722460656,0.37662337662337664,0.7058823529411764,0.4074074074074074
0.5707931801334323,0.5580543633762517,0.33766233766233755,0.36470588235294116,0.6666666666666667
0.5411415863602669,0.5288125894134478,0.4415584415584415,0.7529411764705882,0.14814814814814814
0.5848776871756858,0.578140200286123,0.5194805194805194,0.5647058823529412,0.2962962962962963
0.5092661230541142,0.487725321888412,0.6493506493506491,0.37647058823529417,0.2222222222222222
0.5463306152705709,0.5282403433476394,0.36363636363636354,0.5647058823529412,0.07407407407407407
0.36471460340993334,0.3269241773962803,0.6883116883116884,0.7058823529411764,0.09259259259259259
0.3291326908821349,0.284349070100143,0.5194805194805194,0.8117647058823529,0.24074074074074076
0.4395848776871758,0.38729613733905577,0.8441558441558443,0.4823529411764706,0.27777777777777773
0.5589325426241661,0.5477539341917023,0.5974025974025972,0.5529411764705883,0.0
0.6449221645663455,0.6509298998569385,0.49350649350649345,0.39999999999999997,0.2222222222222222
0.6293550778354337,0.6338197424892703,0.3896103896103895,0.31764705882352945,0.16666666666666666
0.6293550778354337,0.632961373390558,0.5064935064935063,0.4470588235294118,0.12962962962962962
0.3602668643439585,0.319656652360515,0.5454545454545456,0.6705882352941175,0.0
0.42772424017790966,0.39834048640915587,0.49350649350649345,0.6235294117647059,0.24074074074074076
0.32097850259451444,0.2768526466380542,0.6753246753246753,0.5529411764705883,0.0
0.5166790214974055,0.5061516452074392,0.5714285714285714,0.5176470588235293,0.4074074074074074
0.7679762787249816,0.795307582260372,0.35064935064935066,0.4705882352941177,0.3888888888888889
0.7642698295033359,0.7898712446351931,0.4025974025974026,0.27058823529411763,0.0
0.6263899184581172,0.6300429184549358,0.5194805194805194,0.5411764705882354,0.4444444444444444
0.43661971830985913,0.4093276108726752,0.3246753246753247,0.5529411764705883,0.037037037037037035
0.6834692364714604,0.694763948497854,0.35064935064935066,0.32941176470588235,0.46296296296296297
0.5522609340252039,0.5353934191702431,0.6103896103896103,0.5764705882352941,0.2037037037037037
0.5315048183839882,0.5197138769670958,0.2987012987012987,0.776470588235294,0.09259259259259259
0.3691623424759082,0.3309871244635192,0.6753246753246753,0.7176470588235293,0.0
0.34099332839140106,0.2982546494992846,0.5584415584415583,0.6941176470588235,0.09259259259259259
0.4381022979985174,0.4116738197424892,0.6363636363636365,0.5529411764705883,0.0
0.5656041512231283,0.5531330472103003,0.6363636363636365,0.7058823529411764,0.0
0.6449221645663455,0.6511015736766809,0.6363636363636365,0.411764705882353,0.25925925925925924
0.42846553002223875,0.3995994277539342,0.5324675324675325,0.6235294117647059,0.0
0.30763528539659013,0.2649499284692417,0.4025974025974026,0.39999999999999997,0.18518518518518517
0.3365455893254262,0.29373390557939916,0.6233766233766234,0.6941176470588235,0.0
0.47220163083765754,0.4527038626609442,0.33766233766233755,0.4823529411764706,0.0
0.6612305411415865,0.6709585121602287,0.49350649350649345,0.38823529411764707,0.27777777777777773
0.3728687916975538,0.3360228898426323,0.5584415584415583,0.6000000000000001,0.07407407407407407
0.553002223869533,0.5361945636623747,0.5584415584415583,0.4823529411764706,0.25925925925925924
0.46553002223869544,0.4440629470672389,0.7272727272727273,0.5764705882352941,0.0
0.6011860637509268,0.5982260371959943,0.46753246753246747,0.4705882352941177,0.07407407407407407
0.3328391401037806,0.28972818311874093,0.5844155844155845,0.6588235294117646,0.0
0.5492957746478874,0.5377396280400571,0.5064935064935063,0.5647058823529412,0.07407407407407407
0.43513713862120096,0.4079542203147354,0.5194805194805194,0.5529411764705883,0.537037037037037
0.3810229799851742,0.34552217453504996,0.5844155844155845,0.5294117647058822,0.0
0.368421052631579,0.330414878397711,0.6493506493506491,0.5411764705882354,0.14814814814814814
0.6063750926612307,0.6052646638054363,0.4415584415584415,0.4352941176470589,0.3333333333333333
0.34914751667902155,0.306552217453505,0.7142857142857142,0.7647058823529411,0.2037037037037037
0.33432171979243885,0.2916738197424892,0.5584415584415583,0.5294117647058822,0.2037037037037037
0.5418828762045961,0.5240057224606581,0.49350649350649345,0.37647058823529417,0.14814814814814814
0.48554484803558196,0.45247496423462097,0.5714285714285714,0.30588235294117644,0.0
0.496664195700519,0.4822889842632331,0.3896103896103895,0.7411764705882353,0.0
0.597479614529281,0.5937625178826896,0.6103896103896103,0.5294117647058822,0.3888888888888889
0.4173461823573017,0.3856366237482117,0.4415584415584415,0.5647058823529412,0.14814814814814814
0.6560415122312826,0.6652360515021459,0.4285714285714286,0.37647058823529417,0.18518518518518517
0.27798369162342484,0.22769670958512156,0.4155844155844155,0.4941176470588235,0.3148148148148148
0.5700518902891032,0.5589127324749642,0.6753246753246753,0.611764705882353,0.09259259259259259
0.5544848035581913,0.5387124463519314,0.5844155844155845,0.5294117647058822,0.4074074074074074
0.5263157894736843,0.5064377682403433,0.5194805194805194,0.5294117647058822,0.37037037037037035
0.34766493699036327,0.3048927038626609,0.5584415584415583,0.7058823529411764,0.0
0.6286137879911046,0.6323319027181687,0.5194805194805194,0.36470588235294116,0.09259259259259259
0.5233506300963677,0.5126752503576538,0.4545454545454546,0.5176470588235293,0.0
0.4455151964418088,0.42077253218884114,0.5064935064935063,0.5764705882352941,0.018518518518518517
0.5767234988880653,0.5632045779685265,0.6753246753246753,0.7647058823529411,0.24074074074074076
0.4670126019273536,0.446351931330472,0.5584415584415583,0.6235294117647059,0.0
0.44848035581912526,0.42363376251788265,0.7142857142857142,0.5764705882352941,0.037037037037037035
0.6078576723498889,0.5998283261802576,0.4415584415584415,0.588235294117647,0.0
0.630837657524092,0.6355364806866951,0.4155844155844155,0.4352941176470589,0.3888888888888889
0.5567086730911788,0.5416309012875536,0.35064935064935066,0.37647058823529417,0.07407407407407407
0.5663454410674574,0.5517024320457796,0.33766233766233755,0.5176470588235293,0.018518518518518517
0.518902891030393,0.5079828326180257,0.49350649350649345,0.5411764705882354,0.14814814814814814
0.6530763528539659,0.662489270386266,0.37662337662337664,0.5647058823529412,0.2037037037037037
0.7301704966641959,0.7512446351931329,0.6753246753246753,0.37647058823529417,0.6851851851851851
0.3320978502594515,0.2881831187410586,0.6363636363636365,0.776470588235294,0.0
0.42105263157894746,0.3894134477825465,0.6103896103896103,0.7411764705882353,0.0
0.36323202372127505,0.323662374821173,0.3896103896103895,0.4823529411764706,0.0
0.3232023721275019,0.27925608011444913,0.7012987012987011,0.7176470588235293,0.018518518518518517
0.530763528539659,0.5185693848354792,0.5194805194805194,0.39999999999999997,0.037037037037037035
0.2461082283172721,0.19427753934191694,0.5714285714285714,0.6235294117647059,0.0
0.3654558932542624,0.32743919885550776,0.5714285714285714,0.5529411764705883,0.0
0.553002223869533,0.5371101573676681,0.4025974025974026,0.5176470588235293,0.7037037037037037
0.38621200889547813,0.35130185979971384,0.46753246753246747,0.4941176470588235,0.25925925925925924
0.5715344699777614,0.5592560801144492,0.48051948051948057,0.34117647058823525,0.037037037037037035
0.45144551519644194,0.42763948497854076,0.5714285714285714,0.5294117647058822,0.1111111111111111
0.44180874722016317,0.41648068669527893,0.5974025974025972,0.6588235294117646,0.1111111111111111
0.5248332097850259,0.5053505007153075,0.7012987012987011,0.5294117647058822,0.2962962962962963
0.6063750926612307,0.604635193133047,0.4545454545454546,0.4470588235294118,0.12962962962962962
0.4529280948851001,0.4061802575107296,0.6623376623376622,0.5411764705882354,0.14814814814814814
0.6093402520385471,0.6085836909871244,0.6883116883116884,0.4470588235294118,0.3888888888888889
0.6271312083024463,0.630615164520744,0.46753246753246747,0.29411764705882354,0.37037037037037035
0.5203854707190513,0.5099284692417739,0.49350649350649345,0.6235294117647059,0.0
0.29206819866567835,0.24618025751072958,0.5974025974025972,0.6941176470588235,0.25925925925925924
0.6760563380281691,0.686409155937053,0.6493506493506491,0.38823529411764707,0.46296296296296297
0.44922164566345446,0.4240343347639486,0.31168831168831157,0.5647058823529412,0.0
0.4773906597479616,0.44383404864091547,0.36363636363636354,0.6235294117647059,0.46296296296296297
0.37731653076352867,0.3400286123032904,0.6103896103896103,0.8,0.0
0.7034840622683469,0.7170815450643776,0.6493506493506491,0.611764705882353,0.48148148148148145
0.7538917716827281,0.7785407725321888,0.35064935064935066,0.5058823529411764,0.09259259259259259
0.5478131949592291,0.5311587982832618,0.6623376623376622,0.7411764705882353,0.2962962962962963
0.5678280207561156,0.5534763948497853,0.37662337662337664,0.6705882352941175,0.3888888888888889
0.37731653076352867,0.34071530758226043,0.6363636363636365,0.6235294117647059,0.24074074074074076
0.7249814677538919,0.7447210300429185,0.5194805194805194,0.5647058823529412,0.16666666666666666
0.5233506300963677,0.5023748211731045,0.4025974025974026,0.4470588235294118,0.2222222222222222
0.5618977020014826,0.5501001430615163,0.4285714285714286,0.5764705882352941,0.0
0.3387694588584137,0.29630901287553635,0.8181818181818181,0.7294117647058822,0.0
0.7583395107487028,0.7835765379113019,0.6103896103896103,0.5647058823529412,0.0
0.3891771682727948,0.35416309012875535,0.5454545454545456,0.6000000000000001,0.25925925925925924
0.7524091919940697,0.7764234620886982,0.5454545454545456,0.35294117647058826,0.18518518518518517
0.32171979243884363,0.2775965665236052,0.6363636363636365,0.5764705882352941,0.0
0.41586360266864353,0.3830615164520743,0.5974025974025972,0.6588235294117646,0.2037037037037037
0.5678280207561156,0.5533619456366238,0.4155844155844155,0.6352941176470588,0.3148148148148148
0.36323202372127505,0.324692417739628,0.4285714285714286,0.4588235294117647,0.0
0.42031134173461837,0.38872675250357647,0.5584415584415583,0.5764705882352941,0.0
0.49221645663454416,0.4624320457796852,0.5584415584415583,0.31764705882352945,0.05555555555555555
0.680504077094144,0.6911587982832618,0.4285714285714286,0.588235294117647,0.49999999999999994
0.51297257227576,0.5000858369098712,0.5454545454545456,0.6352941176470588,0.0
0.5893254262416606,0.5832904148783976,0.5194805194805194,0.4705882352941177,0.0
0.6938472942920683,0.7065522174535049,0.49350649350649345,0.36470588235294116,0.2037037037037037
0.7108969607116384,0.7265236051502145,0.4415584415584415,0.588235294117647,0.37037037037037035
0.5092661230541142,0.4864091559370528,0.48051948051948057,0.5294117647058822,0.018518518518518517
0.5900667160859897,0.5848927038626609,0.5584415584415583,0.30588235294117644,0.037037037037037035
0.6219421793921424,0.6253505007153074,0.3246753246753247,0.5764705882352941,0.2222222222222222
0.6397331356560416,0.6454363376251789,0.31168831168831157,0.29411764705882354,0.2962962962962963
0.5500370644922166,0.5336766809728183,0.4025974025974026,0.5411764705882354,0.0
0.5055596738324685,0.4941917024320458,0.5324675324675325,0.6705882352941175,0.3333333333333333
0.2965159377316531,0.25298998569384834,0.48051948051948057,0.6352941176470588,0.0
0.7220163083765753,0.7405436337625179,0.36363636363636354,0.4823529411764706,0.3333333333333333
0.5937731653076355,0.5883834048640916,0.4545454545454546,0.29411764705882354,0.12962962962962962
0.6975537435137139,0.7101001430615165,0.4025974025974026,0.2117647058823529,0.0
0.7057079318013344,0.7210872675250358,0.4415584415584415,0.4352941176470589,0.25925925925925924
0.6389918458117124,0.6445779685264664,0.4545454545454546,0.6823529411764706,0.46296296296296297
0.6716085989621943,0.6821745350500715,0.33766233766233755,0.4941176470588235,0.0
0.4440326167531504,0.41991416309012863,0.5714285714285714,0.7058823529411764,0.0
0.3943661971830986,0.35919885550786834,0.6753246753246753,0.6823529411764706,0.0
0.7687175685693107,0.7997711015736767,0.5844155844155845,0.39999999999999997,0.24074074074074076
0.4810971089696071,0.44829756795422027,0.31168831168831157,0.5529411764705883,0.25925925925925924
0.27131208302446264,0.2197424892703862,0.5584415584415583,0.7176470588235293,0.0
0.7108969607116384,0.7262947067238913,0.5584415584415583,0.36470588235294116,0.1111111111111111
0.4536693847294293,0.4304434907010013,0.5064935064935063,0.6235294117647059,0.0
0.3446997776130467,0.3025464949928469,0.4025974025974026,0.35294117647058826,0.27777777777777773
0.5137138621200891,0.502145922746781,0.6883116883116884,0.7411764705882353,0.0
0.3469236471460341,0.30449213161659505,0.7272727272727273,0.6000000000000001,0.0
0.33358042994810977,0.2909298998569384,0.4025974025974026,0.4470588235294118,0.27777777777777773
0.368421052631579,0.3305865522174535,0.2597402597402596,0.5764705882352941,0.18518518518518517
0.46478873239436624,0.4254649499284693,0.5714285714285714,0.4470588235294118,0.07407407407407407
0.887323943661972,0.942203147353362,0.2987012987012987,0.5176470588235293,0.3333333333333333
0.2861378799110452,0.23645207439198856,0.4545454545454546,0.5529411764705883,0.05555555555555555
0.5085248332097851,0.4963090128755365,0.5064935064935063,0.611764705882353,0.0
0.37212750185322463,0.3347067238912732,0.5324675324675325,0.588235294117647,0.16666666666666666
0.6100815418828762,0.6095565092989986,0.5844155844155845,0.38823529411764707,0.0
0.5492957746478874,0.5384835479256082,0.33766233766233755,0.32941176470588235,0.0
0.5752409191994071,0.5633762517882689,0.3246753246753247,0.35294117647058826,0.2037037037037037
0.608598962194218,0.6072675250357654,0.0,0.36470588235294116,0.16666666666666666
0.5537435137138622,0.537453505007153,0.4285714285714286,0.4705882352941177,0.3148148148148148
0.5552260934025204,0.5396280400572245,0.36363636363636354,0.37647058823529417,0.25925925925925924
0.452186805040771,0.42838340486409154,0.5454545454545456,0.6941176470588235,0.0
0.39214232765011126,0.3577110157367668,0.5454545454545456,0.4705882352941177,0.07407407407407407
0.3825055596738325,0.3473533619456366,0.6883116883116884,0.7411764705882353,0.0
0.3172720533728688,0.2731330472103004,0.7662337662337662,0.7647058823529411,0.05555555555555555
0.6775389177168274,0.6885836909871245,0.4415584415584415,0.5176470588235293,0.3518518518518518
0.44996293550778355,0.39908440629470665,0.49350649350649345,0.6823529411764706,0.25925925925925924
0.27872498146775393,0.22832618025751072,0.6103896103896103,0.6352941176470588,0.0
0.6123054114158637,0.6117882689556507,0.4025974025974026,0.38823529411764707,0.3518518518518518
0.6160118606375093,0.6180829756795422,0.3896103896103895,0.0,0.3888888888888889
0.44329132690882134,0.4191130185979971,0.46753246753246747,0.7294117647058822,0.05555555555555555
0.3083765752409192,0.26575107296137324,0.4155844155844155,0.6000000000000001,0.24074074074074076
0.7472201630837658,0.76967095851216,0.49350649350649345,0.6000000000000001,0.07407407407407407
0.5952557449962936,0.5910157367668097,0.46753246753246747,0.27058823529411763,0.16666666666666666
0.301704966641957,0.25911301859799707,0.49350649350649345,0.6941176470588235,0.16666666666666666
0.7553743513713863,0.7795708154506439,0.5584415584415583,0.38823529411764707,0.3518518518518518
0.4440326167531504,0.41962804005722454,0.33766233766233755,0.4352941176470589,0.1111111111111111
0.49444032616753164,0.47977110157367664,0.3246753246753247,0.5294117647058822,0.0
0.3535952557449964,0.31095851216022885,0.5974025974025972,0.6823529411764706,0.09259259259259259
0.630837657524092,0.6350786838340486,0.4545454545454546,0.35294117647058826,0.3888888888888889
0.6960711638250556,0.708555078683834,0.5844155844155845,0.28235294117647064,0.0
0.6078576723498889,0.6062374821173103,0.18181818181818166,0.4470588235294118,0.4259259259259259
0.6464047442550038,0.6542489270386266,0.4155844155844155,0.36470588235294116,0.14814814814814814
0.44848035581912526,0.42391988555078686,0.3896103896103895,0.6588235294117646,0.0
0.5070422535211269,0.48446351931330456,0.7012987012987011,0.30588235294117644,0.1111111111111111
0.4025203854707191,0.36824034334763955,0.5454545454545456,0.7411764705882353,0.27777777777777773
0.3936249073387694,0.35891273247496414,0.36363636363636354,0.6823529411764706,0.09259259259259259
0.46404744255003716,0.441659513590844,0.753246753246753,0.6000000000000001,0.0
0.4544106745737584,0.431587982832618,0.5584415584415583,0.5411764705882354,0.0
0.5878428465530023,0.5824320457796851,0.49350649350649345,0.4352941176470589,0.16666666666666666
0.49221645663454416,0.47633762517882683,0.5974025974025972,0.6235294117647059,0.2037037037037037
0.6634544106745739,0.6733619456366237,0.7012987012987011,0.4235294117647059,0.12962962962962962
0.78650852483321,0.8198569384835478,0.4025974025974026,0.4588235294117647,0.07407407407407407
0.4899925871015568,0.4745064377682403,0.6363636363636365,0.6823529411764706,0.0
0.6745737583395108,0.6850929899856938,0.5194805194805194,0.38823529411764707,0.2962962962962963
0.6990363232023723,0.7109585121602288,0.6753246753246753,0.5294117647058822,0.3148148148148148
0.6026686434395849,0.6004577968526467,0.5194805194805194,0.35294117647058826,0.0
0.5411415863602669,0.5232045779685265,0.36363636363636354,0.4941176470588235,0.3148148148148148
0.6597479614529281,0.6688412017167381,0.4545454545454546,0.4705882352941177,0.0
0.6182357301704968,0.6196280400572246,0.5844155844155845,0.39999999999999997,0.3333333333333333
0.530763528539659,0.5117024320457796,0.5194805194805194,0.32941176470588235,0.16666666666666666
0.4381022979985174,0.41115879828326185,0.5714285714285714,0.6941176470588235,0.0
0.781319495922906,0.8127038626609441,0.5064935064935063,0.31764705882352945,0.24074074074074076
0.42105263157894746,0.3904434907010015,0.5064935064935063,0.6235294117647059,0.018518518518518517
0.3246849518161601,0.28125894134477825,0.6493506493506491,0.7294117647058822,0.037037037037037035
0.5789473684210527,0.5694992846924177,0.35064935064935066,0.5764705882352941,0.27777777777777773
0.5196441808747221,0.499513590844063,0.5324675324675325,0.6588235294117646,0.24074074074074076
0.30763528539659013,0.26472103004291847,0.36363636363636354,0.6470588235294117,0.0
0.6456634544106746,0.6526466380543633,0.33766233766233755,0.588235294117647,0.25925925925925924
0.5418828762045961,0.5297854077253218,0.6623376623376622,0.6470588235294117,0.0
0.6464047442550038,0.6532188841201717,0.4545454545454546,0.6470588235294117,0.0
0.4047442550037065,0.37213161659513583,0.5974025974025972,0.4235294117647059,0.0
0.49295774647887325,0.4775393419170243,0.2727272727272727,0.6000000000000001,0.05555555555555555
0.2727946627131208,0.22123032904148776,0.5454545454545456,0.611764705882353,0.12962962962962962
0.5248332097850259,0.505236051502146,0.2987012987012987,0.37647058823529417,0.0
0.6234247590808006,0.6270100143061518,0.4155844155844155,0.35294117647058826,0.09259259259259259
0.6871756856931062,0.6991130185979971,0.31168831168831157,0.411764705882353,0.0
0.6686434395848778,0.6786838340486409,0.5844155844155845,0.411764705882353,0.24074074074074076
0.4766493699036324,0.45848354792560797,0.6363636363636365,0.6588235294117646,0.18518518518518517
0.6330615270570794,0.6377110157367668,0.4285714285714286,0.29411764705882354,0.05555555555555555
0.3661971830985916,0.3278397711015737,0.49350649350649345,0.5647058823529412,0.0
0.5011119347664938,0.4881831187410586,0.5844155844155845,0.38823529411764707,0.0
0.6782802075611565,0.6895565092989985,0.48051948051948057,0.411764705882353,0.27777777777777773
0.37138621200889554,0.3332761087267525,0.49350649350649345,0.5176470588235293,0.0
0.6538176426982951,0.663805436337625,0.3896103896103895,0.4941176470588235,0.3518518518518518
0.37731653076352867,0.340143061516452,0.4415584415584415,0.7647058823529411,0.0
0.36323202372127505,0.3238340486409155,0.8181818181818181,0.7882352941176469,0.3148148148148148
0.38621200889547813,0.351244635193133,0.3896103896103895,0.7058823529411764,0.07407407407407407
0.41438102297998525,0.3816881258941345,0.5584415584415583,0.5294117647058822,0.0
0.6063750926612307,0.6052074391988554,0.5194805194805194,0.23529411764705882,0.1111111111111111
0.7613046701260194,0.7875822603719599,0.4415584415584415,0.23529411764705882,0.5555555555555556
0.5893254262416606,0.5836337625178826,0.22077922077922074,0.7058823529411764,0.2037037037037037
0.4766493699036324,0.45768240343347644,0.49350649350649345,0.7647058823529411,0.4259259259259259
0.3313565604151223,0.28640915593705296,0.48051948051948057,0.5411764705882354,0.0
0.35581912527798376,0.3130185979971388,0.5064935064935063,0.5058823529411764,0.12962962962962962
0.6048925129725723,0.6032618025751072,0.5194805194805194,0.4705882352941177,0.3148148148148148
0.4240177909562639,0.393590844062947,0.46753246753246747,0.4941176470588235,0.09259259259259259
0.8057820607857673,0.8448640915593705,0.46753246753246747,0.22352941176470592,0.07407407407407407
0.38398813936249077,0.34912732474964236,0.6233766233766234,0.6470588235294117,0.037037037037037035
0.5663454410674574,0.5513018597997138,0.5454545454545456,0.30588235294117644,0.2222222222222222
0.5233506300963677,0.5120457796852648,0.7272727272727273,0.5294117647058822,0.0
0.6849518161601187,0.6956223175965665,0.6753246753246753,0.36470588235294116,0.27777777777777773
0.6130467012601929,0.6021173104434906,0.7922077922077924,0.5529411764705883,0.3333333333333333
0.5715344699777614,0.5585693848354792,0.6493506493506491,0.588235294117647,0.48148148148148145
0.424759080800593,0.3941630901287553,0.6103896103896103,0.5058823529411764,0.018518518518518517
0.6219421793921424,0.6248927038626609,0.35064935064935066,0.4470588235294118,0.27777777777777773
0.6189770200148259,0.6210014306151644,0.7142857142857142,0.5058823529411764,0.27777777777777773
0.5500370644922166,0.5333905579399142,0.6883116883116884,0.34117647058823525,0.14814814814814814
0.5404002965159378,0.5281831187410587,0.5974025974025972,0.6823529411764706,0.0
0.8391401037805784,0.8813161659513592,0.5844155844155845,0.4352941176470589,0.4074074074074074
0.4699777613046703,0.45001430615164517,0.36363636363636354,0.4352941176470589,0.0
0.7672349888806524,0.7952503576537909,0.6103896103896103,0.5176470588235293,0.3888888888888889
0.5137138621200891,0.5012875536480688,0.48051948051948057,0.6470588235294117,0.0
0.7183098591549297,0.7369957081545065,0.5454545454545456,0.32941176470588235,0.25925925925925924
0.43661971830985913,0.4094992846924177,0.4415584415584415,0.5411764705882354,0.018518518518518517
0.41586360266864353,0.3830615164520743,0.49350649350649345,0.5529411764705883,0.27777777777777773
0.5107487027427725,0.49871244635193124,0.4415584415584415,0.5647058823529412,0.3333333333333333
0.6278724981467755,0.6212875536480688,0.5194805194805194,0.5294117647058822,0.12962962962962962
0.5915492957746479,0.5860371959942775,0.5194805194805194,0.5529411764705883,0.18518518518518517
0.5670867309117865,0.5557653791130185,0.5714285714285714,0.5058823529411764,0.16666666666666666
0.30615270570793185,0.2630615164520743,0.5974025974025972,0.8,0.0
0.44329132690882134,0.41831187410586557,0.46753246753246747,0.4235294117647059,0.037037037037037035
0.295774647887324,0.2525894134477825,0.4155844155844155,0.6941176470588235,0.25925925925925924
0.37879911045218684,0.3430615164520744,0.753246753246753,0.7294117647058822,0.0
0.6152705707931801,0.6172818311874105,0.23376623376623362,0.34117647058823525,0.018518518518518517
0.36323202372127505,0.32429184549356227,0.7142857142857142,0.5647058823529412,0.05555555555555555
0.5915492957746479,0.5859799713876966,0.5714285714285714,0.6588235294117646,0.24074074074074076
0.25574499629355085,0.20143061516452065,0.5974025974025972,0.6588235294117646,0.0
0.4040029651593774,0.37110157367668106,0.5714285714285714,0.4352941176470589,0.2037037037037037
0.6790214974054856,0.6901287553648069,0.33766233766233755,0.39999999999999997,0.25925925925925924
0.38472942920681996,0.3494706723891273,0.7272727272727273,0.4588235294117647,0.3333333333333333
0.7664936990363234,0.7933619456366238,0.6493506493506491,0.4470588235294118,0.05555555555555555
0.3261675315048185,0.28183118741058644,0.7272727272727273,0.6588235294117646,0.0
0.3439584877687176,0.30123032904148783,0.7012987012987011,0.6000000000000001,0.25925925925925924
0.34099332839140106,0.2989985693848354,0.5454545454545456,0.6000000000000001,0.07407407407407407
0.41289844329132686,0.38088698140200283,0.5194805194805194,0.611764705882353,0.2222222222222222
0.5507783543365457,0.5339055793991415,0.4545454545454546,0.37647058823529417,0.09259259259259259
0.42994810971089703,0.40051502145922746,0.6493506493506491,0.5411764705882354,0.0
0.47220163083765754,0.45293276108726743,0.22077922077922074,0.7529411764705882,0.24074074074074076
0.2891030392883618,0.2405722460658083,0.48051948051948057,0.6941176470588235,0.05555555555555555
0.5656041512231283,0.5511301859799712,0.46753246753246747,0.6000000000000001,0.2962962962962963
0.4684951816160119,0.44835479256080113,0.4025974025974026,0.38823529411764707,0.07407407407407407
0.6619718309859156,0.671587982832618,0.5974025974025972,0.39999999999999997,0.0
0.664195700518903,0.6747925608011446,0.5454545454545456,0.36470588235294116,0.16666666666666666
0.8421052631578949,0.887038626609442,0.5454545454545456,0.4823529411764706,0.25925925925925924
0.3728687916975538,0.33608011444921315,0.4285714285714286,0.5647058823529412,0.0
0.6730911786508526,0.6932761087267524,0.6363636363636365,0.5058823529411764,0.0
0.45663454410674575,0.4341630901287553,0.31168831168831157,0.6823529411764706,0.2222222222222222
0.5567086730911788,0.5417453505007154,0.5064935064935063,0.411764705882353,0.14814814814814814
0.6100815418828762,0.609728183118741,0.4285714285714286,0.5647058823529412,0.1111111111111111
0.4403261675315049,0.4142489270386266,0.37662337662337664,0.5411764705882354,0.07407407407407407
0.6679021497405487,0.6779971387696709,0.46753246753246747,0.5411764705882354,0.09259259259259259
0.4633061527057081,0.44103004291845493,0.6883116883116884,0.4823529411764706,0.3518518518518518
0.6893995552260935,0.7015736766809729,0.7662337662337662,0.5411764705882354,0.18518518518518517
0.5166790214974055,0.49453505007153076,0.4025974025974026,0.37647058823529417,0.1111111111111111
0.7131208302446258,0.7298998569384835,0.49350649350649345,0.39999999999999997,0.2222222222222222
0.7020014825796888,0.7148497854077253,0.4545454545454546,0.11764705882352944,0.0
0.3291326908821349,0.28452074391988547,0.4545454545454546,0.4588235294117647,0.0
0.518902891030393,0.49842632331902725,0.3246753246753247,0.4705882352941177,0.2037037037037037
0.4343958487768719,0.4064663805436337,0.5324675324675325,0.8117647058823529,0.0
0.3943661971830986,0.3593705293276108,0.46753246753246747,0.4941176470588235,0.0
0.4544106745737584,0.43095851216022885,0.23376623376623362,0.6235294117647059,0.0
0.5322461082283174,0.5130758226037194,0.6363636363636365,0.36470588235294116,0.2962962962962963
0.6619718309859156,0.671244635193133,0.49350649350649345,0.6352941176470588,0.537037037037037
0.6389918458117124,0.6442346208869815,0.48051948051948057,0.4470588235294118,0.05555555555555555
0.3750926612305412,0.3383118741058655,0.5064935064935063,0.7647058823529411,0.05555555555555555
0.7687175685693107,0.7986266094420601,0.6363636363636365,0.4941176470588235,0.574074074074074
0.5181616011860638,0.49751072961373377,0.5844155844155845,0.411764705882353,0.3333333333333333
0.6145292809488511,0.6161373390557939,0.5324675324675325,0.6235294117647059,0.12962962962962962
0.4544106745737584,0.40927038626609435,0.4025974025974026,0.5647058823529412,0.0
0.301704966641957,0.2587696709585121,0.5844155844155845,0.6941176470588235,0.0
0.6404744255003707,0.6466380543633762,0.5584415584415583,0.4470588235294118,0.24074074074074076
0.4981467753891772,0.4840057224606581,0.5324675324675325,0.611764705882353,0.05555555555555555
0.3165307635285397,0.27238912732474974,0.46753246753246747,0.6235294117647059,0.0
0.6982950333580431,0.7103862660944206,0.6493506493506491,0.34117647058823525,0.2037037037037037
0.5166790214974055,0.50620886981402,0.6103896103896103,0.7294117647058822,0.0
0.4343958487768719,0.4066380543633762,0.3246753246753247,0.5529411764705883,0.037037037037037035
0.3795404002965159,0.3437482117310444,0.8441558441558443,0.6352941176470588,0.0
0.8206078576723499,0.862145922746781,0.7142857142857142,0.4588235294117647,0.4074074074074074
0.40177909562639,0.3681258941344778,0.5974025974025972,0.6823529411764706,0.0
0.5500370644922166,0.5331616595135907,0.49350649350649345,0.30588235294117644,0.18518518518518517
0.42031134173461837,0.3886695278969957,0.5454545454545456,0.7882352941176469,0.0
0.5937731653076355,0.5887839771101574,0.4415584415584415,0.588235294117647,0.14814814814814814
0.34766493699036327,0.3052932761087268,0.4025974025974026,0.4823529411764706,0.2222222222222222
0.4180874722016309,0.3862660944206008,0.6493506493506491,0.6705882352941175,0.07407407407407407
0.7049666419570053,0.7204005722460659,0.22077922077922074,0.5647058823529412,0.05555555555555555
0.2802075611564122,0.230214592274678,0.49350649350649345,0.8117647058823529,0.0
0.664195700518903,0.6750786838340485,0.49350649350649345,0.25882352941176473,0.25925925925925924
0.4032616753150482,0.369728183118741,0.7272727272727273,0.5411764705882354,0.0
0.35063009636767983,0.3084406294706723,0.5064935064935063,0.611764705882353,0.1111111111111111
0.6286137879911046,0.6318741058655223,0.46753246753246747,0.6352941176470588,0.2037037037037037
0.4677538917716827,0.447381974248927,0.4415584415584415,0.9529411764705882,0.07407407407407407
0.6953298739807265,0.7074678111587981,0.18181818181818166,0.38823529411764707,0.27777777777777773
0.4610822831727206,0.43954220314735326,0.5454545454545456,0.588235294117647,0.0
0.5989621942179393,0.5950786838340486,0.4285714285714286,0.4588235294117647,0.07407407407407407
0.7027427724240178,0.7165092989985694,0.8701298701298701,0.5411764705882354,0.2962962962962963
0.6271312083024463,0.6307296137339055,0.5844155844155845,0.1647058823529412,0.0
0.4403261675315049,0.4137911301859799,0.5584415584415583,0.8,0.05555555555555555
0.6426982950333582,0.6480686695278969,0.2727272727272727,0.4588235294117647,0.48148148148148145
0.29058561897702007,0.24417739628040058,0.5064935064935063,0.4470588235294118,0.0
0.25500370644922166,0.20011444921316168,0.35064935064935066,0.7411764705882353,0.0
0.4840622683469237,0.4669527896995709,0.5454545454545456,0.7529411764705882,0.537037037037037
0.7605633802816903,0.7871816881258941,0.4545454545454546,0.4588235294117647,0.2037037037037037
0.4395848776871758,0.4131044349070099,0.49350649350649345,0.4588235294117647,0.0
0.6286137879911046,0.6318741058655223,0.46753246753246747,0.6470588235294117,0.18518518518518517
0.6679021497405487,0.6781115879828324,0.20779220779220764,0.4470588235294118,0.3888888888888889
0.33432171979243885,0.29184549356223166,0.5584415584415583,0.7882352941176469,0.0
0.49221645663454416,0.47645207439198856,0.4415584415584415,0.4941176470588235,0.0
0.6530763528539659,0.6622603719599428,0.5064935064935063,0.30588235294117644,0.0
0.4744255003706449,0.4545350500715307,0.6363636363636365,0.7176470588235293,0.24074074074074076
0.5107487027427725,0.4887553648068669,0.37662337662337664,0.4588235294117647,0.4444444444444444
0.6856931060044479,0.7179971387696708,0.48051948051948057,0.6352941176470588,0.0
0.49147516679021497,0.46168812589413444,0.36363636363636354,0.4823529411764706,0.48148148148148145
0.3602668643439585,0.32068669527897,0.46753246753246747,0.7058823529411764,0.3148148148148148
0.27650111193476656,0.22500715307582253,0.2597402597402596,0.7647058823529411,0.3333333333333333
0.6545589325426242,0.66414878397711,0.4545454545454546,0.4352941176470589,0.3518518518518518
0.37657524091919936,0.33979971387696695,0.6623376623376622,0.6470588235294117,0.09259259259259259
0.5478131949592291,0.5298998569384835,0.4155844155844155,0.4470588235294118,0.07407407407407407
0.39140103780578206,0.3570815450643776,0.5714285714285714,0.611764705882353,0.0
0.6226834692364716,0.6266666666666666,0.4285714285714286,0.4705882352941177,0.2962962962962963
0.5174203113417346,0.49682403433476396,0.18181818181818166,0.37647058823529417,0.2222222222222222
0.3958487768717569,0.3424892703862661,0.5584415584415583,0.4705882352941177,0.25925925925925924
0.5945144551519645,0.5900429184549355,0.4545454545454546,0.5058823529411764,0.0
0.6241660489251298,0.6283261802575107,0.6493506493506491,0.5058823529411764,0.3333333333333333
0.6634544106745739,0.6733619456366237,0.4155844155844155,0.5058823529411764,0.14814814814814814
0.6123054114158637,0.6021173104434906,0.5844155844155845,0.5647058823529412,0.0
0.3002223869532987,0.2569384835479256,0.5844155844155845,0.7411764705882353,0.2222222222222222
0.5426241660489252,0.5246924177396278,0.4155844155844155,0.32941176470588235,0.3888888888888889
0.5774647887323945,0.5659513590844062,0.4415584415584415,0.32941176470588235,0.48148148148148145
0.3380281690140845,0.2958512160228899,0.8701298701298701,0.4470588235294118,0.24074074074074076
0.42105263157894746,0.39072961373390547,0.6753246753246753,0.7176470588235293,0.2037037037037037
0.27131208302446264,0.2194563662374821,0.5584415584415583,0.6941176470588235,0.2222222222222222
0.7272053372868792,0.7476394849785407,0.5584415584415583,0.611764705882353,0.2037037037037037
0.6330615270570794,0.6370815450643778,0.5584415584415583,0.38823529411764707,0.2222222222222222
0.34766493699036327,0.3048927038626609,0.805194805194805,0.5411764705882354,0.18518518518518517
0.4343958487768719,0.4067525035765379,0.5064935064935063,0.6705882352941175,0.05555555555555555
0.40845070422535223,0.3769384835479256,0.4545454545454546,0.5647058823529412,0.3148148148148148
0.4551519644180875,0.43284692417739623,0.4415584415584415,0.34117647058823525,0.09259259259259259
0.37657524091919936,0.33968526466380544,0.6493506493506491,0.5529411764705883,0.07407407407407407
0.5322461082283174,0.5204577968526466,0.7142857142857142,0.7058823529411764,0.07407407407407407
0.390659747961453,0.3556509298998569,0.3896103896103895,0.5647058823529412,0.16666666666666666
0.6627131208302447,0.6722174535050071,0.4285714285714286,0.34117647058823525,0.2037037037037037
0.563380281690141,0.5484406294706724,0.5324675324675325,0.38823529411764707,0.18518518518518517
0.5544848035581913,0.5385979971387697,0.31168831168831157,0.4470588235294118,0.3148148148148148
0.34025203854707187,0.29802575107296136,0.5844155844155845,0.5411764705882354,0.0
0.6612305411415865,0.6707868383404864,0.2727272727272727,0.4470588235294118,0.2222222222222222
0.7205337286879171,0.7391130185979969,0.4415584415584415,0.24705882352941183,0.1111111111111111
0.6019273535952558,0.5990844062947066,0.5974025974025972,0.4470588235294118,0.25925925925925924
0.6523350630096368,0.6619742489270385,0.5064935064935063,0.30588235294117644,0.4074074074074074
0.6286137879911046,0.6316452074391988,0.4415584415584415,0.36470588235294116,0.3518518518518518
0.43661971830985913,0.40886981402002864,0.4545454545454546,0.4235294117647059,0.18518518518518517
0.6538176426982951,0.6633476394849785,0.6753246753246753,0.588235294117647,0.49999999999999994
0.480355819125278,0.4476680972818312,0.3896103896103895,0.6941176470588235,0.37037037037037035
0.4699777613046703,0.44989985693848344,0.8701298701298701,0.6470588235294117,0.0
0.714603409933284,0.7324749642346208,0.36363636363636354,0.5764705882352941,0.537037037037037
0.44180874722016317,0.41676680972818314,0.6103896103896103,0.5176470588235293,0.037037037037037035
0.8080059303187548,0.8472675250357652,0.5064935064935063,0.6470588235294117,0.2962962962962963
0.28391401037805786,0.2329613733905579,0.5324675324675325,0.6941176470588235,0.018518518518518517
0.3372868791697554,0.29487839771101565,0.753246753246753,0.9176470588235293,0.018518518518518517
0.6612305411415865,0.6702718168812588,0.20779220779220764,0.6352941176470588,0.5555555555555556
0.7872498146775391,0.8226609442060085,0.4285714285714286,0.411764705882353,0.037037037037037035
0.613787991104522,0.6151645207439197,0.48051948051948057,0.411764705882353,0.6296296296296295
0.5277983691623426,0.507925608011445,0.6493506493506491,0.6352941176470588,0.2222222222222222
0.5507783543365457,0.5340200286123032,0.5974025974025972,0.39999999999999997,0.2037037037037037
0.5737583395107487,0.5619456366237482,0.6493506493506491,0.4705882352941177,0.09259259259259259
0.6426982950333582,0.6477825464949928,0.4025974025974026,0.5529411764705883,0.2222222222222222
0.2720533728687917,0.22025751072961375,0.49350649350649345,0.6941176470588235,0.0
0.7101556708673091,0.7261802575107296,0.35064935064935066,0.32941176470588235,0.3888888888888889
0.608598962194218,0.6005150214592273,0.6493506493506491,0.4941176470588235,0.0
0.496664195700519,0.48234620886981405,0.49350649350649345,0.4941176470588235,0.16666666666666666
0.480355819125278,0.4622031473533619,0.7012987012987011,0.4823529411764706,0.0
0.42179392142327654,0.39118741058655215,0.5584415584415583,0.6470588235294117,0.037037037037037035
0.5181616011860638,0.507525035765379,0.4025974025974026,0.5176470588235293,0.14814814814814814
0.5767234988880653,0.565035765379113,0.22077922077922074,0.30588235294117644,0.25925925925925924
0.4173461823573017,0.35805436337625185,0.35064935064935066,0.31764705882352945,0.16666666666666666
0.6523350630096368,0.6615736766809729,0.4155844155844155,0.5176470588235293,0.018518518518518517
0.5203854707190513,0.5096995708154507,0.49350649350649345,0.6823529411764706,0.0
0.714603409933284,0.7324749642346208,0.3246753246753247,0.7647058823529411,0.5185185185185186
0.742031134173462,0.7657224606580829,0.4155844155844155,0.5529411764705883,0.12962962962962962
0.507783543365456,0.49585121602288973,0.5714285714285714,0.776470588235294,0.0
0.2935507783543365,0.24852646638054354,0.6883116883116884,0.4352941176470589,0.0
0.680504077094144,0.6916738197424893,0.3896103896103895,0.39999999999999997,0.0
0.6464047442550038,0.6535050071530758,0.5324675324675325,0.27058823529411763,0.2962962962962963
0.4618235730170497,0.44011444921316156,0.4285714285714286,0.5411764705882354,0.1111111111111111
0.4544106745737584,0.40955650929899856,0.5324675324675325,0.5176470588235293,0.4259259259259259
0.5270570793180134,0.5070100143061517,0.36363636363636354,0.4235294117647059,0.3888888888888889
0.6338028169014085,0.6389699570815449,0.5974025974025972,0.37647058823529417,0.4074074074074074
0.32023721275018535,0.27525035765379113,0.6753246753246753,0.5764705882352941,0.0
0.42698295033358047,0.39719599427753927,0.46753246753246747,0.7647058823529411,0.2962962962962963
0.7294292068198667,0.7505007153075821,0.4415584415584415,0.4941176470588235,0.16666666666666666
0.3876945885841364,0.35284692417739616,0.8311688311688312,0.411764705882353,0.0
0.6953298739807265,0.7083834048640917,0.4025974025974026,0.4941176470588235,0.0
0.36249073387694586,0.3228040057224606,0.6233766233766234,0.8823529411764706,0.018518518518518517
0.49369903632320233,0.47874105865522165,0.5714285714285714,0.411764705882353,0.0
0.3365455893254262,0.29402002861230314,0.7142857142857142,0.8235294117647058,0.2037037037037037
0.5641215715344701,0.5488984263233191,0.6103896103896103,0.39999999999999997,0.2037037037037037
0.34173461823573026,0.29917024320457786,0.6493506493506491,0.6235294117647059,0.018518518518518517
0.5381764269829504,0.5207439198855507,0.6363636363636365,0.4352941176470589,0.0
0.38398813936249077,0.3488984263233189,0.5324675324675325,0.35294117647058826,0.2962962962962963
0.42772424017790966,0.39839771101573673,0.48051948051948057,0.6588235294117646,0.09259259259259259
0.5433654558932542,0.5263519313304722,0.5324675324675325,0.34117647058823525,0.4259259259259259
0.7116382505559675,0.7275536480686696,0.20779220779220764,0.4588235294117647,0.27777777777777773
0.42698295033358047,0.3971387696709584,0.2857142857142856,0.7647058823529411,0.12962962962962962
0.42105263157894746,0.3898140200286122,0.5844155844155845,0.4588235294117647,0.0
0.4025203854707191,0.3684692417739628,0.5324675324675325,0.5764705882352941,0.14814814814814814
0.5567086730911788,0.5416309012875536,0.5064935064935063,0.34117647058823525,0.3518518518518518
0.6189770200148259,0.621516452074392,0.49350649350649345,0.5529411764705883,0.24074074074074076
0.6123054114158637,0.61241773962804,0.6623376623376622,0.1882352941176471,0.4259259259259259
0.5329873980726465,0.5208011444921316,0.36363636363636354,0.5411764705882354,0.0
0.4173461823573017,0.38489270386266095,0.5454545454545456,0.411764705882353,0.05555555555555555
0.747961452928095,0.7701287553648067,0.4025974025974026,0.6588235294117646,0.0
0.6916234247590808,0.7032904148783977,0.33766233766233755,0.5764705882352941,0.2222222222222222
0.4403261675315049,0.41390557939914163,0.6883116883116884,0.5176470588235293,0.2037037037037037
0.5878428465530023,0.5827753934191701,0.6103896103896103,0.5176470588235293,0.4074074074074074
0.603409933283914,0.6013733905579398,0.46753246753246747,0.35294117647058826,0.0
0.5507783543365457,0.5403719599427753,0.6103896103896103,0.6823529411764706,0.07407407407407407
0.27057079318013355,0.21899856938483542,0.6363636363636365,0.4705882352941177,0.09259259259259259
0.4773906597479616,0.4587696709585122,0.5194805194805194,0.32941176470588235,0.3518518518518518
0.4959229058561898,0.46912732474964236,0.4155844155844155,0.411764705882353,0.18518518518518517
0.4336545589325427,0.4050357653791129,0.5844155844155845,0.5529411764705883,0.0
0.6671608598962195,0.6772532188841202,0.4415584415584415,0.611764705882353,0.0
0.5470719051149,0.5293848354792562,0.4155844155844155,0.6352941176470588,0.27777777777777773
0.7679762787249816,0.7978826895565093,0.4155844155844155,0.35294117647058826,0.537037037037037
0.7449962935507785,0.7684692417739628,0.6103896103896103,0.4235294117647059,0.0
0.49221645663454416,0.47673819742489265,0.23376623376623362,0.4470588235294118,0.14814814814814814
0.6604892512972572,0.6695851216022891,0.31168831168831157,0.4705882352941177,0.0
0.7405485544848036,0.7625178826895563,0.5714285714285714,0.4823529411764706,0.3518518518518518
0.47961452928094883,0.4607153075822604,0.6363636363636365,0.6352941176470588,0.0
0.6871756856931062,0.6989985693848354,0.4415584415584415,0.6588235294117646,0.16666666666666666
0.6441808747220165,0.6453218884120172,0.4545454545454546,0.5647058823529412,0.037037037037037035
0.38472942920681996,0.3503862660944206,0.46753246753246747,0.7529411764705882,0.0
0.5782060785767236,0.5673247496423462,0.5324675324675325,0.35294117647058826,0.3333333333333333
0.39214232765011126,0.3579399141630901,0.7272727272727273,0.6705882352941175,0.2037037037037037
0.5137138621200891,0.5019170243204577,0.3896103896103895,0.5529411764705883,0.09259259259259259
0.40696812453669384,0.37510729613733906,0.49350649350649345,0.5647058823529412,0.3333333333333333
0.4373610081541883,0.3862660944206008,0.5974025974025972,0.25882352941176473,0.2037037037037037
0.7323943661971832,0.7537625178826896,0.49350649350649345,0.4470588235294118,0.4259259259259259
0.4180874722016309,0.386552217453505,0.4155844155844155,0.6352941176470588,0.0
0.6226834692364716,0.6261516452074393,0.051948051948051965,0.5764705882352941,0.3333333333333333
0.6760563380281691,0.6865236051502145,0.2727272727272727,0.5294117647058822,0.09259259259259259
0.518902891030393,0.4989413447782546,0.5194805194805194,0.27058823529411763,0.18518518518518517
0.31356560415122314,0.2694134477825465,0.5454545454545456,0.6000000000000001,0.1111111111111111
0.7101556708673091,0.7259513590844063,0.33766233766233755,0.5294117647058822,0.05555555555555555
0.6115641215715346,0.6112732474964234,0.3896103896103895,0.28235294117647064,0.12962962962962962
0.6634544106745739,0.6730185979971387,0.33766233766233755,0.4588235294117647,0.018518518518518517
0.3328391401037806,0.2900715307582259,0.753246753246753,0.6588235294117646,0.0
0.5663454410674574,0.551874105865522,0.5064935064935063,0.4352941176470589,0.018518518518518517
0.48628613787991104,0.4690701001430614,0.3896103896103895,0.5529411764705883,0.14814814814814814
0.5959970348406227,0.5917024320457797,0.7792207792207793,0.411764705882353,0.05555555555555555
0.6775389177168274,0.6885836909871245,0.4545454545454546,0.4588235294117647,0.1111111111111111
0.24091919940696818,0.18809728183118735,0.5844155844155845,0.4470588235294118,0.037037037037037035
0.3113417346182358,0.2681545064377683,0.5064935064935063,0.4470588235294118,0.16666666666666666
0.7605633802816903,0.7867811158798282,0.49350649350649345,0.8352941176470587,0.16666666666666666
0.6115641215715346,0.611444921316166,0.5194805194805194,0.29411764705882354,0.5555555555555556
0.43661971830985913,0.40881258941344767,0.4155844155844155,0.6235294117647059,0.0
0.3610081541882877,0.32103004291845494,0.5324675324675325,0.6352941176470588,0.0
0.34321719792438843,0.3008869814020029,0.6363636363636365,0.7411764705882353,0.0
0.7079318013343218,0.724349070100143,0.5064935064935063,0.6000000000000001,0.3888888888888889
0.41363973313565605,0.38117310443490704,0.5844155844155845,0.4588235294117647,0.0
0.6256486286137881,0.6292417739628039,0.4545454545454546,0.4588235294117647,0.2962962962962963
0.23721275018532248,0.18151645207439193,0.7922077922077924,0.6588235294117646,0.24074074074074076
0.5611564121571535,0.5466666666666665,0.49350649350649345,0.32941176470588235,0.27777777777777773
0.7064492216456636,0.7217167381974249,0.3896103896103895,0.28235294117647064,0.037037037037037035
0.6315789473684211,0.6356509298998568,0.36363636363636354,0.36470588235294116,0.3148148148148148
0.5893254262416606,0.5832904148783976,0.2597402597402596,0.34117647058823525,0.37037037037037035
0.6664195700518903,0.6762804005722459,0.18181818181818166,0.1647058823529412,0.12962962962962962
0.641957005189029,0.6474391988555078,0.36363636363636354,0.5529411764705883,0.1111111111111111
0.4892512972572277,0.4603147353361945,0.49350649350649345,0.2117647058823529,0.3888888888888889
0.3973313565604152,0.3614306151645207,0.4285714285714286,0.5764705882352941,0.05555555555555555
0.45589325426241656,0.43353361945636626,0.753246753246753,0.4705882352941177,0.0
0.44922164566345446,0.4243776824034333,0.4155844155844155,0.7411764705882353,0.07407407407407407
0.40622683469236476,0.3740200286123033,0.5064935064935063,0.588235294117647,0.2037037037037037
0.5255744996293552,0.5054649499284692,0.5324675324675325,0.39999999999999997,0.27777777777777773
0.641957005189029,0.647381974248927,0.37662337662337664,0.5058823529411764,0.3518518518518518
0.664195700518903,0.6740486409155938,0.33766233766233755,0.6705882352941175,0.2222222222222222
0.7398072646404745,0.761659513590844,0.5844155844155845,0.5647058823529412,0.1111111111111111
0.5722757598220904,0.5597711015736767,0.6753246753246753,0.4705882352941177,0.14814814814814814
0.6515937731653078,0.6610586552217453,0.5584415584415583,0.36470588235294116,0.09259259259259259
0.469236471460341,0.4489842632331902,0.35064935064935066,0.8,0.0
0.664195700518903,0.6743919885550788,0.2987012987012987,0.36470588235294116,0.27777777777777773
0.3876945885841364,0.35273247496423465,0.4155844155844155,0.6235294117647059,0.018518518518518517
0.39881393624907346,0.3636051502145923,0.46753246753246747,0.8,0.0
0.7279466271312084,0.7485550786838339,0.5454545454545456,0.38823529411764707,0.3518518518518518
0.4892512972572277,0.47273247496423465,0.5454545454545456,0.8,0.018518518518518517
0.6701260192735361,0.6798283261802575,0.4155844155844155,0.5411764705882354,0.3148148148148148
0.4551519644180875,0.4324463519313305,0.33766233766233755,0.7411764705882353,0.05555555555555555
0.7375833951074872,0.7598855507868384,0.3896103896103895,0.35294117647058826,0.0
0.25648628613787994,0.20217453505007155,0.7402597402597404,0.7529411764705882,0.0
0.5374351371386213,0.5257224606580829,0.6363636363636365,0.4588235294117647,0.0
0.6738324684951817,0.6839484978540772,0.6753246753246753,0.5647058823529412,0.2037037037037037
0.134173461823573,0.09041487839771101,0.6623376623376622,0.6470588235294117,0.07407407407407407
0.40548554484803556,0.3737339055793991,0.5194805194805194,0.5647058823529412,0.16666666666666666
0.6315789473684211,0.6360515021459227,0.4285714285714286,0.5176470588235293,0.05555555555555555
0.5329873980726465,0.5209155937052933,0.5194805194805194,0.6941176470588235,0.14814814814814814
0.6115641215715346,0.6115021459227469,0.7272727272727273,0.5764705882352941,0.12962962962962962
0.5344699777613048,0.5158798283261802,0.7012987012987011,0.39999999999999997,0.12962962962962962
0.4343958487768719,0.40726752503576535,0.5714285714285714,0.6705882352941175,0.0
0.5871015567086733,0.5768812589413447,0.4545454545454546,0.5411764705882354,0.0
0.4381022979985174,0.4113304721030042,0.4415584415584415,0.5176470588235293,0.0
0.3691623424759082,0.3311015736766809,0.4285714285714286,0.5294117647058822,0.12962962962962962
0.7123795404002966,0.7289842632331903,0.4155844155844155,0.5764705882352941,0.24074074074074076
0.6745737583395108,0.6850929899856938,0.4155844155844155,0.4470588235294118,0.27777777777777773
0.4032616753150482,0.3708726752503576,0.5454545454545456,0.411764705882353,0.25925925925925924
0.6412157153446998,0.6467525035765379,0.5064935064935063,0.411764705882353,0.3333333333333333
0.7027427724240178,0.716280400572246,0.2727272727272727,0.6000000000000001,0.16666666666666666
0.45144551519644194,0.4278683834048641,0.4025974025974026,0.5647058823529412,0.1111111111111111
0.6338028169014085,0.639370529327611,0.36363636363636354,0.38823529411764707,0.0
0.553002223869533,0.5367668097281831,0.2597402597402596,0.6235294117647059,0.3518518518518518
0.40622683469236476,0.37453505007153076,0.6363636363636365,0.6941176470588235,0.09259259259259259
0.27353595255745,0.22311874105865515,0.4545454545454546,0.5294117647058822,0.4259259259259259
0.5796886582653817,0.5669241773962804,0.6493506493506491,0.7058823529411764,0.0
0.5611564121571535,0.5466666666666665,0.22077922077922074,0.611764705882353,0.0
0.1527057079318013,0.0997424892703862,0.6103896103896103,0.5647058823529412,0.0
0.6938472942920683,0.7059799713876967,0.3896103896103895,0.611764705882353,0.16666666666666666
0.8332097850259452,0.8790271816881258,0.3246753246753247,0.38823529411764707,0.3888888888888889
0.43587842846553004,0.4083547925608011,0.7272727272727273,0.6823529411764706,0.3148148148148148
0.3602668643439585,0.31999999999999995,0.5064935064935063,0.5764705882352941,0.0
0.44996293550778355,0.4251788268955651,0.5844155844155845,0.5529411764705883,0.4444444444444444
0.6716085989621943,0.6821745350500715,0.5194805194805194,0.4352941176470589,0.2037037037037037
0.7842846553002225,0.8170529327610873,0.2597402597402596,0.37647058823529417,0.3333333333333333
0.6100815418828762,0.6092131616595134,0.4025974025974026,0.411764705882353,0.3148148148148148
0.44922164566345446,0.3971387696709584,0.3896103896103895,0.5176470588235293,0.27777777777777773
0.536693847294292,0.5186838340486409,0.5064935064935063,0.5647058823529412,0.07407407407407407
0.40029651593773163,0.3436337625178827,0.5064935064935063,0.5764705882352941,0.18518518518518517
0.26315789473684215,0.20858369098712437,0.49350649350649345,0.5529411764705883,0.14814814814814814
0.5492957746478874,0.5379113018597995,0.7662337662337662,0.5294117647058822,0.0
0.36323202372127505,0.32400572246065806,0.6103896103896103,0.6941176470588235,0.14814814814814814
0.7939214232765013,0.8294706723891273,0.5324675324675325,0.4235294117647059,0.37037037037037035
0.36990363232023726,0.33218884120171677,0.6363636363636365,0.776470588235294,0.0
0.5240919199406968,0.5040915593705292,0.48051948051948057,0.32941176470588235,0.0
0.4810971089696071,0.46351931330472096,0.5974025974025972,0.6000000000000001,0.0
0.41363973313565605,0.3812303290414878,0.5194805194805194,0.5294117647058822,0.0
0.6189770200148259,0.6210014306151644,0.6363636363636365,0.37647058823529417,0.037037037037037035
0.5492957746478874,0.5329327610872675,0.11688311688311681,0.4588235294117647,0.37037037037037035
0.5878428465530023,0.5770529327610873,0.5714285714285714,0.5647058823529412,0.0
0.7857672349888809,0.8187124463519314,0.35064935064935066,0.39999999999999997,0.0
0.6360266864343959,0.6412017167381975,0.4545454545454546,0.4823529411764706,0.2037037037037037
0.27131208302446264,0.2197424892703862,0.5454545454545456,0.8470588235294116,0.0
0.35656041512231285,0.3157653791130185,0.5584415584415583,0.5529411764705883,0.07407407407407407
0.6108228317272054,0.6097854077253219,0.2857142857142856,0.5411764705882354,0.37037037037037035
0.44922164566345446,0.42449213161659505,0.4155844155844155,0.4823529411764706,0.0
0.7079318013343218,0.7241201716738198,0.22077922077922074,0.36470588235294116,0.3333333333333333
0.5300222386953299,0.5096423462088698,0.4155844155844155,0.4705882352941177,0.5185185185185186
0.267605633802817,0.21316165951359078,0.7402597402597404,0.6470588235294117,0.2222222222222222
0.7405485544848036,0.7630329041487839,0.4025974025974026,0.4352941176470589,0.0
0.6842105263157895,0.6951072961373389,0.5584415584415583,0.38823529411764707,0.24074074074074076
0.3395107487027428,0.29716738197424886,0.7142857142857142,0.6823529411764706,0.0
0.2683469236471461,0.21339055793991413,0.48051948051948057,0.6470588235294117,0.07407407407407407
0.664195700518903,0.6740486409155938,0.753246753246753,0.4352941176470589,0.3148148148148148
0.41438102297998525,0.381516452074392,0.4025974025974026,0.5529411764705883,0.2037037037037037
0.6879169755374352,0.7006008583690987,0.4155844155844155,0.5294117647058822,0.12962962962962962
0.4677538917716827,0.44732474964234625,0.5194805194805194,0.5647058823529412,0.037037037037037035
0.40696812453669384,0.3749356223175966,0.6363636363636365,0.588235294117647,0.0
0.6953298739807265,0.7079256080114448,0.48051948051948057,0.38823529411764707,0.0
0.569310600444774,0.5581688125894134,0.4285714285714286,0.4470588235294118,0.2037037037037037
0.6426982950333582,0.6481258941344777,0.46753246753246747,0.38823529411764707,0.09259259259259259
0.31208302446256486,0.26832618025751076,0.4025974025974026,0.6941176470588235,0.018518518518518517
0.3691623424759082,0.33092989985693844,0.6493506493506491,0.588235294117647,0.27777777777777773
0.6271312083024463,0.6306723891273246,0.5324675324675325,0.38823529411764707,0.3518518518518518
0.7168272794662714,0.7354506437768239,0.5584415584415583,0.35294117647058826,0.5555555555555556
0.44996293550778355,0.4255793991416308,0.4285714285714286,0.776470588235294,0.0
0.390659747961453,0.3559942775393419,0.5584415584415583,0.6941176470588235,0.49999999999999994
0.4677538917716827,0.447381974248927,0.4545454545454546,0.6470588235294117,0.018518518518518517
0.40622683469236476,0.3740772532188841,0.6363636363636365,0.5529411764705883,0.037037037037037035
0.49962935507783546,0.4865808297567953,0.5454545454545456,0.6823529411764706,0.018518518518518517
0.5114899925871016,0.4894420600858368,0.5324675324675325,0.6470588235294117,0.537037037037037
0.36990363232023726,0.3316738197424892,0.3896103896103895,0.5647058823529412,0.0
0.4988880652335064,0.4739341917024321,0.5194805194805194,0.38823529411764707,0.2962962962962963
0.2950333580429949,0.2516165951359084,0.7402597402597404,0.6823529411764706,0.018518518518518517
0.5085248332097851,0.49653791130185976,0.4155844155844155,0.5058823529411764,0.0
0.49444032616753164,0.4647782546494992,0.5454545454545456,0.35294117647058826,0.48148148148148145
0.7034840622683469,0.7170243204577967,0.2597402597402596,0.37647058823529417,0.16666666666666666
0.49444032616753164,0.46494992846924166,0.31168831168831157,0.30588235294117644,0.018518518518518517
0.42179392142327654,0.39130185979971377,0.5194805194805194,0.4823529411764706,0.07407407407407407
0.5618977020014826,0.5471244635193132,0.4155844155844155,0.38823529411764707,0.3333333333333333
0.7346182357301705,0.7550214592274677,0.31168831168831157,0.36470588235294116,0.3333333333333333
0.6990363232023723,0.7113590844062946,0.7012987012987011,0.5764705882352941,0.537037037037037
0.7131208302446258,0.7300715307582261,0.4545454545454546,0.6235294117647059,0.0
0.4314306893995552,0.40268955650929894,0.6103896103896103,0.5647058823529412,0.16666666666666666
0.3610081541882877,0.32114449213161655,0.48051948051948057,0.6823529411764706,0.07407407407407407
0.7553743513713863,0.7797997138769671,0.2857142857142856,0.1764705882352941,0.2037037037037037
0.6686434395848778,0.6782260371959942,0.46753246753246747,0.611764705882353,0.37037037037037035
0.7924388435878429,0.8263233190271816,0.46753246753246747,0.32941176470588235,0.5185185185185186
0.3535952557449964,0.31095851216022885,0.6623376623376622,0.5176470588235293,0.037037037037037035
0.6130467012601929,0.6146494992846924,0.6363636363636365,0.5529411764705883,0.5555555555555556
0.7568569310600446,0.7825464949928468,0.6233766233766234,0.5058823529411764,0.3888888888888889
0.7412898443291328,0.7645779685264663,0.48051948051948057,0.6588235294117646,0.537037037037037
0.630096367679763,0.6343919885550787,0.4155844155844155,0.8352941176470587,0.3888888888888889
0.6819866567828021,0.6929899856938483,0.4415584415584415,0.4941176470588235,0.2962962962962963
0.48480355819125287,0.4679256080114449,0.2597402597402596,0.588235294117647,0.0
0.5722757598220904,0.5601144492131614,0.7922077922077924,0.6352941176470588,0.27777777777777773
0.2535211267605634,0.19931330472103004,0.5324675324675325,0.7529411764705882,0.1111111111111111
0.4529280948851001,0.4297567954220315,0.5844155844155845,0.4588235294117647,0.0
0.27353595255745,0.22271816881258943,0.4285714285714286,0.5529411764705883,0.24074074074074076
0.7575982209043737,0.783519313304721,0.48051948051948057,0.35294117647058826,0.4259259259259259
0.42031134173461837,0.3889556509298998,0.6753246753246753,0.6705882352941175,0.16666666666666666
0.6471460340993329,0.6543633762517883,0.3246753246753247,0.5176470588235293,0.1111111111111111
0.3617494440326168,0.3220600858369098,0.5974025974025972,0.5294117647058822,0.16666666666666666
0.44996293550778355,0.4262660944206008,0.4415584415584415,0.7882352941176469,0.2222222222222222
0.5767234988880653,0.5651502145922748,0.4155844155844155,0.4705882352941177,0.14814814814814814
0.7553743513713863,0.7796852646638054,0.5324675324675325,0.4588235294117647,0.05555555555555555
0.2876204595997035,0.23776824034334765,0.22077922077922074,0.588235294117647,0.07407407407407407
0.5915492957746479,0.5818597997138769,0.4545454545454546,0.6470588235294117,0.09259259259259259
0.6471460340993329,0.6544206008583692,0.2987012987012987,0.588235294117647,0.14814814814814814
0.4106745737583396,0.3787696709585121,0.37662337662337664,0.5764705882352941,0.2962962962962963
0.4551519644180875,0.43267525035765375,0.5064935064935063,0.6470588235294117,0.018518518518518517
0.5218680504077094,0.5016309012875535,0.4415584415584415,0.411764705882353,0.3518518518518518
0.4255003706449222,0.39519313304721027,0.4545454545454546,0.4941176470588235,0.27777777777777773
0.48628613787991104,0.4705007153075822,0.4545454545454546,0.8,0.0
0.6130467012601929,0.6137911301859801,0.35064935064935066,0.5411764705882354,0.16666666666666666
0.5782060785767236,0.5664091559370529,0.3896103896103895,0.37647058823529417,0.05555555555555555
0.47813194959229066,0.4598569384835479,0.4155844155844155,0.7058823529411764,0.25925925925925924
0.6575240919199408,0.6666094420600858,0.6103896103896103,0.6235294117647059,0.12962962962962962
0.5048183839881394,0.49167381974248925,0.7402597402597404,0.5411764705882354,0.2222222222222222
0.5656041512231283,0.5510729613733906,0.5584415584415583,0.6941176470588235,0.18518518518518517
0.5641215715344701,0.5490701001430615,0.5064935064935063,0.37647058823529417,0.24074074074074076
0.3254262416604893,0.2814306151645207,0.4025974025974026,0.5647058823529412,0.14814814814814814
0.4677538917716827,0.4472675250357653,0.3896103896103895,0.8588235294117648,0.0
0.5122312824314307,0.4996852646638055,0.33766233766233755,0.4941176470588235,0.018518518518518517
0.7138621200889549,0.7308726752503575,0.46753246753246747,0.36470588235294116,0.14814814814814814
0.480355819125278,0.4614592274678112,0.49350649350649345,0.6470588235294117,0.0
0.7183098591549297,0.7367668097281831,0.7662337662337662,0.29411764705882354,0.16666666666666666
0.6404744255003707,0.6456652360515022,0.49350649350649345,0.6941176470588235,0.2037037037037037
0.7116382505559675,0.7281831187410585,0.46753246753246747,0.4352941176470589,0.49999999999999994
0.5685693106004449,0.5573676680972818,0.20779220779220764,0.5176470588235293,0.3148148148148148
0.4255003706449222,0.39536480686695274,0.6363636363636365,0.4941176470588235,0.0
0.496664195700519,0.48291845493562235,0.4415584415584415,0.5411764705882354,0.0
0.4469977761304671,0.42191702432045786,0.5194805194805194,0.5529411764705883,0.1111111111111111
0.6389918458117124,0.6441773962804006,0.37662337662337664,0.1647058823529412,0.6666666666666667
0.29799851742031136,0.25379113018598,0.5974025974025972,0.5647058823529412,0.07407407407407407
0.7390659747961453,0.7604577968526466,0.5844155844155845,0.5764705882352941,0.3333333333333333
0.8020756115641217,0.8393705293276109,0.4415584415584415,0.5411764705882354,0.0
0.43661971830985913,0.40972818311874115,0.5324675324675325,0.6470588235294117,0.0
0.42994810971089703,0.40040057224606573,0.36363636363636354,0.4823529411764706,0.018518518518518517
0.4951816160118607,0.48034334763948483,0.6883116883116884,0.6823529411764706,0.07407407407407407
0.32023721275018535,0.27605150214592267,0.3896103896103895,0.6000000000000001,0.12962962962962962
0.8087472201630839,0.8494420600858369,0.5844155844155845,0.411764705882353,0.6296296296296295
0.5804299481097109,0.5711587982832617,0.4415584415584415,0.4705882352941177,0.07407407407407407
0.681245366938473,0.6926466380543633,0.46753246753246747,0.4235294117647059,0.2962962962962963
0.3328391401037806,0.2893848354792561,0.46753246753246747,0.6588235294117646,0.09259259259259259
0.6226834692364716,0.6261516452074393,0.35064935064935066,0.5176470588235293,0.2222222222222222
0.4595997034840623,0.43731044349070103,0.5064935064935063,0.5764705882352941,0.0
0.3172720533728688,0.27307582260371954,0.5324675324675325,0.6235294117647059,0.0
0.5774647887323945,0.565722460658083,0.3896103896103895,0.34117647058823525,0.09259259259259259
0.5856189770200149,0.5792274678111587,0.48051948051948057,0.5176470588235293,0.25925925925925924
0.3587842846553002,0.31799713876967095,0.5714285714285714,0.6588235294117646,0.24074074074074076
0.4699777613046703,0.43193133047210297,0.2727272727272727,0.23529411764705882,0.3148148148148148
0.6827279466271313,0.693447782546495,0.35064935064935066,0.37647058823529417,0.2222222222222222
0.49221645663454416,0.4762231759656651,0.5714285714285714,0.6941176470588235,0.0
0.36397331356560414,0.3259513590844062,0.7662337662337662,0.5411764705882354,0.25925925925925924
0.5389177168272795,0.5266380543633761,0.4155844155844155,0.611764705882353,0.0
0.6449221645663455,0.6511587982832617,0.49350649350649345,0.4588235294117647,0.2037037037037037
0.6827279466271313,0.6936766809728182,0.4285714285714286,0.4352941176470589,0.37037037037037035
0.29873980726464056,0.2543061516452073,0.49350649350649345,0.7411764705882353,0.0
0.35507783543365457,0.31227467811158804,0.37662337662337664,0.5647058823529412,0.0
0.4974054855448481,0.47244635193133044,0.6883116883116884,0.36470588235294116,0.2222222222222222
0.7561156412157155,0.7823748211731044,0.4415584415584415,0.1882352941176471,0.3148148148148148
0.6115641215715346,0.6112160228898426,0.6233766233766234,0.38823529411764707,0.5555555555555556
0.46478873239436624,0.44303290414878393,0.6493506493506491,0.6823529411764706,0.037037037037037035
0.7494440326167533,0.7725894134477825,0.5324675324675325,0.27058823529411763,0.27777777777777773
0.4180874722016309,0.38586552217453496,0.5324675324675325,0.7529411764705882,0.12962962962962962
0.368421052631579,0.3308154506437767,0.48051948051948057,0.7058823529411764,0.0
0.708673091178651,0.7246351931330471,0.5324675324675325,0.4588235294117647,0.3518518518518518
0.7123795404002966,0.7292703862660944,0.3246753246753247,0.5764705882352941,0.14814814814814814
0.2601927353595256,0.20618025751072966,0.6363636363636365,0.35294117647058826,0.0
0.3261675315048185,0.2818884120171674,0.49350649350649345,0.31764705882352945,0.0
0.6856931060044479,0.6967095851216022,0.20779220779220764,0.5176470588235293,0.2037037037037037
0.4040029651593774,0.3716165951359084,0.49350649350649345,0.5058823529411764,0.09259259259259259
0.30763528539659013,0.26489270386266095,0.922077922077922,0.5294117647058822,0.037037037037037035
0.5166790214974055,0.5069527896995708,0.6493506493506491,0.5647058823529412,0.3148148148148148
0.6908821349147517,0.7030042918454936,0.2727272727272727,0.35294117647058826,0.1111111111111111
0.5670867309117865,0.5529613733905577,0.3246753246753247,0.6000000000000001,0.24074074074074076
0.5774647887323945,0.5646924177396281,0.6753246753246753,0.5764705882352941,0.14814814814814814
0.7346182357301705,0.7548497854077253,0.4415584415584415,0.5647058823529412,0.574074074074074
0.48554484803558196,0.4683834048640916,0.3896103896103895,0.7647058823529411,0.0
0.4544106745737584,0.4100715307582259,0.5974025974025972,0.31764705882352945,0.2222222222222222
0.5507783543365457,0.5409442060085835,0.7012987012987011,0.5764705882352941,0.05555555555555555
0.3106004447739067,0.2671244635193133,0.5324675324675325,0.5411764705882354,0.037037037037037035
0.4551519644180875,0.4317596566523605,0.48051948051948057,0.5294117647058822,0.0
0.2868791697553744,0.23736766809728183,0.5324675324675325,0.6470588235294117,0.0
0.6026686434395849,0.6001716738197423,0.5194805194805194,0.5294117647058822,0.05555555555555555
0.4373610081541883,0.4101859799713876,0.4025974025974026,0.6588235294117646,0.0
0.4751667902149741,0.45505007153075816,0.7402597402597404,0.5764705882352941,0.2037037037037037
0.5744996293550779,0.5629184549356222,0.4545454545454546,0.5058823529411764,0.0
0.3891771682727948,0.3539341917024321,0.7922077922077924,0.5647058823529412,0.2962962962962963
0.6189770200148259,0.6211158798283262,0.48051948051948057,0.38823529411764707,0.46296296296296297
0.8117123795404004,0.851101573676681,0.5584415584415583,0.38823529411764707,0.12962962962962962
0.558191252779837,0.5431759656652361,0.24675324675324672,0.7411764705882353,0.05555555555555555
0.5337286879169756,0.5151359084406294,0.5194805194805194,0.34117647058823525,0.16666666666666666
0.6856931060044479,0.696480686695279,0.36363636363636354,0.5529411764705883,0.3148148148148148
0.480355819125278,0.46237482117310436,0.36363636363636354,0.5411764705882354,0.05555555555555555
0.452186805040771,0.42924177396280405,0.5454545454545456,0.5176470588235293,0.0
0.29280948851000743,0.24709585121602284,0.5714285714285714,0.6000000000000001,0.14814814814814814
0.3876945885841364,0.3526180257510729,0.5324675324675325,0.776470588235294,0.14814814814814814
0.43587842846553004,0.38203147353361944,0.3896103896103895,0.4941176470588235,0.3518518518518518
0.7212750185322462,0.7396280400572245,0.36363636363636354,0.5647058823529412,0.3333333333333333
0.535952557449963,0.5185693848354792,0.23376623376623362,0.4470588235294118,0.3888888888888889
0.49444032616753164,0.4662088698140199,0.5194805194805194,0.4352941176470589,0.2962962962962963
0.452186805040771,0.428898426323319,0.6883116883116884,0.7529411764705882,0.0
0.41438102297998525,0.3818025751072961,0.4025974025974026,0.5647058823529412,0.0
0.6871756856931062,0.699170243204578,0.4415584415584415,0.39999999999999997,0.4444444444444444
0.3313565604151223,0.28658082975679544,0.48051948051948057,0.611764705882353,0.0
0.39807264640474427,0.36320457796852634,0.7142857142857142,0.6235294117647059,0.07407407407407407
0.7042253521126762,0.7178826895565092,0.2987012987012987,0.5176470588235293,0.4259259259259259
0.45144551519644194,0.4281545064377683,0.4155844155844155,0.4941176470588235,0.07407407407407407
0.26167531504818387,0.20778254649499273,0.4025974025974026,0.7058823529411764,0.0
0.6182357301704968,0.6202002861230328,0.5324675324675325,0.4823529411764706,0.018518518518518517
0.7457375833951075,0.7685836909871243,0.36363636363636354,0.5176470588235293,0.3333333333333333
0.7635285396590068,0.7894134477825464,0.5844155844155845,0.4941176470588235,0.25925925925925924
0.3891771682727948,0.35444921316165945,0.5324675324675325,0.5294117647058822,0.3518518518518518
0.4010378057820607,0.36680972818311874,0.6103896103896103,0.611764705882353,0.12962962962962962
0.4336545589325427,0.4057796852646637,0.4155844155844155,0.588235294117647,0.05555555555555555
0.4736842105263158,0.45339055793991423,0.753246753246753,0.588235294117647,0.05555555555555555
0.5945144551519645,0.5898712446351931,0.48051948051948057,0.5529411764705883,0.2037037037037037
0.49444032616753164,0.4792560801144491,0.48051948051948057,0.588235294117647,0.0
0.7494440326167533,0.772703862660944,0.6103896103896103,0.39999999999999997,0.07407407407407407
0.563380281690141,0.5480972818311872,0.7662337662337662,0.4470588235294118,0.27777777777777773
0.5277983691623426,0.5165092989985695,0.6753246753246753,0.4235294117647059,0.0
0.4544106745737584,0.43124463519313305,0.6623376623376622,0.7176470588235293,0.0
0.4840622683469237,0.4507010014306152,0.6363636363636365,0.34117647058823525,0.24074074074074076
0.47961452928094883,0.46094420600858366,0.5324675324675325,0.611764705882353,0.037037037037037035
0.41512231282431433,0.38271816881258924,0.7922077922077924,0.6000000000000001,0.037037037037037035
0.5967383246849519,0.593304721030043,0.35064935064935066,0.6000000000000001,0.18518518518518517
0.38398813936249077,0.3486695278969957,0.5194805194805194,0.6941176470588235,0.0
0.4670126019273536,0.44646638054363375,0.5194805194805194,0.5058823529411764,0.07407407407407407
0.5463306152705709,0.5282403433476394,0.36363636363636354,0.34117647058823525,0.07407407407407407
0.6152705707931801,0.6170529327610873,0.5584415584415583,0.5647058823529412,0.48148148148148145
0.7464788732394366,0.7693848354792562,0.6493506493506491,0.411764705882353,0.3148148148148148
0.5352112676056339,0.5174821173104435,0.33766233766233755,0.5294117647058822,0.3148148148148148
0.5292809488510007,0.5178254649499284,0.5714285714285714,0.7058823529411764,0.1111111111111111
0.6286137879911046,0.6321602288984262,0.2857142857142856,0.27058823529411763,0.7222222222222221
0.6404744255003707,0.6465236051502147,0.5064935064935063,0.5294117647058822,0.3333333333333333
0.5715344699777614,0.5602288984263232,0.6623376623376622,0.6705882352941175,0.3148148148148148
0.3817642698295033,0.3467811158798284,0.4545454545454546,0.8235294117647058,0.0
0.3224610822831727,0.27908440629470666,0.48051948051948057,0.7647058823529411,0.16666666666666666
0.5915492957746479,0.5866094420600859,0.753246753246753,0.32941176470588235,0.24074074074074076
0.40177909562639,0.3681831187410586,0.5714285714285714,0.6352941176470588,0.0
0.6241660489251298,0.6284978540772531,0.4415584415584415,0.38823529411764707,0.4259259259259259
0.4699777613046703,0.45047210300429175,0.46753246753246747,0.4823529411764706,0.25925925925925924
0.5937731653076355,0.5890128755364806,0.5194805194805194,0.588235294117647,0.537037037037037
0.4395848776871758,0.4131044349070099,0.5584415584415583,0.5529411764705883,0.0
0.2861378799110452,0.2346781115879828,0.6363636363636365,0.7176470588235293,0.09259259259259259
0.29132690882134915,0.2450357653791131,0.49350649350649345,0.4588235294117647,0.12962962962962962
0.4455151964418088,0.4211158798283261,0.48051948051948057,0.6470588235294117,0.0
0.6775389177168274,0.6887553648068668,0.7012987012987011,0.37647058823529417,0.537037037037037
0.7516679021497407,0.7753934191702431,0.5194805194805194,0.4823529411764706,0.3888888888888889
0.41957005189028906,0.38786838340486396,0.7402597402597404,0.4470588235294118,0.1111111111111111
0.5841363973313566,0.5736194563662375,0.5844155844155845,0.4705882352941177,0.0
0.5500370644922166,0.5333333333333333,0.6623376623376622,0.5176470588235293,0.3148148148148148
0.5893254262416606,0.5815736766809726,0.6753246753246753,0.4941176470588235,0.1111111111111111
0.49962935507783546,0.4868669527896996,0.6363636363636365,0.6705882352941175,0.25925925925925924
0.2283172720533729,0.17247496423462083,0.5844155844155845,0.5411764705882354,0.037037037037037035
0.3595255744996294,0.3191988555078683,0.4415584415584415,0.6352941176470588,0.0
0.5263157894736843,0.5147353361945636,0.5844155844155845,0.6588235294117646,0.037037037037037035
0.6671608598962195,0.677310443490701,0.5324675324675325,0.4470588235294118,0.4074074074074074
0.4536693847294293,0.40640915593705285,0.6363636363636365,0.6352941176470588,0.12962962962962962
0.5389177168272795,0.5267525035765378,0.7012987012987011,0.4941176470588235,0.0
0.5485544848035582,0.5373390557939913,0.5974025974025972,0.6705882352941175,0.14814814814814814
0.480355819125278,0.44703862660944205,0.6233766233766234,0.29411764705882354,0.25925925925925924
0.5804299481097109,0.571101573676681,0.7012987012987011,0.29411764705882354,0.18518518518518517
0.6011860637509268,0.5976537911301859,0.753246753246753,0.36470588235294116,0.18518518518518517
0.7168272794662714,0.7354506437768239,0.5194805194805194,0.4705882352941177,0.4259259259259259
0.586360266864344,0.5797424892703863,0.5194805194805194,0.38823529411764707,0.09259259259259259
0.3817642698295033,0.34643776824034334,0.6883116883116884,0.7058823529411764,0.0
0.42846553002223875,0.3991988555078684,0.6103896103896103,0.4235294117647059,0.18518518518518517
0.7790956263899186,0.8115593705293277,0.4415584415584415,0.588235294117647,0.018518518518518517
0.3795404002965159,0.3432904148783976,0.5974025974025972,0.5764705882352941,0.0
0.42179392142327654,0.3911301859799714,0.5844155844155845,0.4823529411764706,0.12962962962962962
0.29206819866567835,0.2460085836909871,0.46753246753246747,0.6352941176470588,0.0
0.6923647146034101,0.7045493562231758,0.5844155844155845,0.6352941176470588,0.5555555555555556
0.34025203854707187,0.29802575107296136,0.5064935064935063,0.4352941176470589,0.0
0.7294292068198667,0.750557939914163,0.5194805194805194,0.38823529411764707,0.16666666666666666
0.6567828020756117,0.6659799713876965,0.6753246753246753,0.29411764705882354,0.12962962962962962
0.346182357301705,0.30403433476394837,0.7662337662337662,0.5176470588235293,0.0
0.22757598220904376,0.16967095851216019,0.5584415584415583,0.4941176470588235,0.0
0.5011119347664938,0.48824034334763955,0.5844155844155845,0.4588235294117647,0.09259259259259259
0.7234988880652337,0.7433476394849784,0.49350649350649345,0.6941176470588235,0.7037037037037037
0.11193476649369902,0.05058655221745345,0.6233766233766234,0.588235294117647,0.037037037037037035
0.3758339510748703,0.33905579399141617,0.3896103896103895,0.6588235294117646,0.2037037037037037
0.45589325426241656,0.43341917024320453,0.7792207792207793,0.7411764705882353,0.018518518518518517
0.4329132690882136,0.4041773962804005,0.6883116883116884,0.5411764705882354,0.0
0.3232023721275019,0.2801716738197424,0.23376623376623362,0.6823529411764706,0.0
0.41512231282431433,0.3822603719599428,0.4545454545454546,0.35294117647058826,0.07407407407407407
0.3899184581171239,0.35530758226037185,0.49350649350649345,0.5647058823529412,0.2962962962962963
0.5670867309117865,0.5529613733905577,0.3896103896103895,0.35294117647058826,0.3888888888888889
0.38547071905114905,0.35055793991416306,0.6493506493506491,0.7176470588235293,0.2037037037037037
0.4618235730170497,0.44011444921316156,0.49350649350649345,0.611764705882353,0.0
0.2942920681986657,0.25024320457796856,0.8441558441558443,0.6470588235294117,0.05555555555555555
0.7961452928094885,0.8304434907010013,0.5324675324675325,0.5411764705882354,0.25925925925925924
0.4551519644180875,0.43284692417739623,0.46753246753246747,0.6588235294117646,0.1111111111111111
0.39214232765011126,0.3573676680972818,0.5064935064935063,0.6823529411764706,0.49999999999999994
0.6871756856931062,0.6987696709585122,0.3896103896103895,0.5764705882352941,0.4074074074074074
0.6997776130467014,0.7133619456366237,0.37662337662337664,0.4705882352941177,0.25925925925925924
0.6701260192735361,0.6791416309012875,0.6753246753246753,0.5176470588235293,0.14814814814814814
0.37212750185322463,0.3357367668097282,0.7402597402597404,0.5764705882352941,0.0
0.38472942920681996,0.34969957081545067,0.6623376623376622,0.5411764705882354,0.14814814814814814
0.4262416604892514,0.3968526466380544,0.5454545454545456,0.4705882352941177,0.09259259259259259
0.5908080059303188,0.581802575107296,0.4545454545454546,0.611764705882353,0.49999999999999994
0.3232023721275019,0.2802861230329041,0.5974025974025972,0.6705882352941175,0.09259259259259259
0.6775389177168274,0.6885836909871245,0.6493506493506491,0.2,0.0
0.3172720533728688,0.2730185979971387,0.3896103896103895,0.7294117647058822,0.0
0.45885841363973323,0.4370243204577968,0.7922077922077924,0.5294117647058822,0.0
0.36323202372127505,0.3238340486409155,0.5064935064935063,0.6941176470588235,0.0
0.23350630096367683,0.1776824034334764,0.6233766233766234,0.5176470588235293,0.27777777777777773
0.6990363232023723,0.711931330472103,0.2597402597402596,0.34117647058823525,0.09259259259259259
0.6278724981467755,0.6314735336194565,0.46753246753246747,0.5764705882352941,0.574074074074074
0.30541141586360265,0.26271816881258936,0.6623376623376622,0.34117647058823525,0.0
0.7998517420311342,0.8363948497854076,0.6883116883116884,0.32941176470588235,0.3518518518518518
0.6523350630096368,0.6611731044349071,0.36363636363636354,0.4352941176470589,0.3518518518518518
0.4840622683469237,0.46701001430615163,0.5844155844155845,0.5529411764705883,0.0
0.45811712379540415,0.4185407725321888,0.4545454545454546,0.37647058823529417,0.27777777777777773
0.5107487027427725,0.49899856938483544,0.2727272727272727,0.6588235294117646,0.0
0.6627131208302447,0.6718168812589412,0.2857142857142856,0.5529411764705883,0.25925925925925924
0.4677538917716827,0.44743919885550776,0.6883116883116884,0.7411764705882353,0.0
0.27575982209043737,0.22472103004291843,0.5324675324675325,0.7529411764705882,0.07407407407407407
0.4106745737583396,0.378483547925608,0.7142857142857142,0.7882352941176469,0.1111111111111111
0.5100074128984433,0.4878969957081545,0.5324675324675325,0.5529411764705883,0.2037037037037037
0.5782060785767236,0.5647496423462087,0.4285714285714286,0.4352941176470589,0.0
0.3313565604151223,0.2874964234620887,0.7792207792207793,0.5764705882352941,0.0
0.6204595997034842,0.6232904148783976,0.46753246753246747,0.4470588235294118,0.2037037037037037
0.44329132690882134,0.4192846924177396,0.4025974025974026,0.6941176470588235,0.37037037037037035
0.5433654558932542,0.5257796852646638,0.5324675324675325,0.5294117647058822,0.2222222222222222
0.5930318754633063,0.5827181688125894,0.48051948051948057,0.5529411764705883,0.0
0.6011860637509268,0.5980543633762517,0.4415584415584415,0.4705882352941177,0.37037037037037035
0.5114899925871016,0.4893276108726753,0.31168831168831157,0.35294117647058826,0.0
0.35507783543365457,0.3127324749642345,0.6363636363636365,0.6705882352941175,0.09259259259259259
0.45737583395107495,0.41648068669527893,0.37662337662337664,0.39999999999999997,0.2962962962962963
0.6278724981467755,0.6314735336194565,0.33766233766233755,0.4352941176470589,0.3333333333333333
0.38398813936249077,0.3489556509298999,0.8181818181818181,0.5647058823529412,0.0
0.5114899925871016,0.49939914163090127,0.5584415584415583,0.7294117647058822,0.05555555555555555
0.3965900667160861,0.3611444921316166,0.6493506493506491,0.611764705882353,0.0
0.4173461823573017,0.35731044349070085,0.4025974025974026,0.6000000000000001,0.7037037037037037
0.29206819866567835,0.24589413447782538,0.5584415584415583,0.7058823529411764,0.1111111111111111
0.42179392142327654,0.39147353361945625,0.4545454545454546,0.6823529411764706,0.0
0.49295774647887325,0.47759656652360516,0.48051948051948057,0.6000000000000001,0.07407407407407407
0.5722757598220904,0.5601144492131614,0.6103896103896103,0.4823529411764706,0.574074074074074
0.3172720533728688,0.2734191702432045,0.1558441558441559,0.5058823529411764,0.16666666666666666
0.3313565604151223,0.2878969957081544,0.5324675324675325,0.4588235294117647,0.0
0.2587101556708674,0.20543633762517877,0.4025974025974026,0.6823529411764706,0.1111111111111111
0.7390659747961453,0.7602288984263234,0.36363636363636354,0.30588235294117644,0.0
0.352112676056338,0.30981402002861225,0.7792207792207793,0.5294117647058822,0.07407407407407407
0.35581912527798376,0.31296137339055785,0.46753246753246747,0.611764705882353,0.0
0.4818383988139364,0.4492131616595135,0.5064935064935063,0.5058823529411764,0.3888888888888889
0.3328391401037806,0.28944206008583684,0.5194805194805194,0.7058823529411764,0.3333333333333333
0.2935507783543365,0.2485836909871244,0.5584415584415583,0.5764705882352941,0.1111111111111111
0.3876945885841364,0.3523891273247496,0.4545454545454546,0.4941176470588235,0.0
0.27353595255745,0.22306151645207428,0.5714285714285714,0.5529411764705883,0.0
0.3669384729429207,0.329442060085837,0.5454545454545456,0.7176470588235293,0.2037037037037037
0.4106745737583396,0.3785979971387695,0.4155844155844155,0.7176470588235293,0.0
0.27650111193476656,0.2263233190271816,0.6363636363636365,0.6470588235294117,0.0
0.31949592290585616,0.2745636623748212,0.5844155844155845,0.6588235294117646,0.0
0.3224610822831727,0.27868383404864094,0.5714285714285714,0.6823529411764706,0.018518518518518517
0.30763528539659013,0.26460658082975674,0.37662337662337664,0.4705882352941177,0.0
0.3009636767976278,0.25773962804005723,0.6493506493506491,0.5294117647058822,0.0
0.44255003706449225,0.41791130185979963,0.6233766233766234,0.588235294117647,0.018518518518518517
0.681245366938473,0.6921888412017166,0.48051948051948057,0.4588235294117647,0.0
0.5945144551519645,0.5898712446351931,0.3246753246753247,0.25882352941176473,0.4259259259259259
0.4951816160118607,0.48091559370529335,0.5974025974025972,0.5294117647058822,0.2037037037037037
0.6760563380281691,0.687038626609442,0.5584415584415583,0.5529411764705883,0.2222222222222222
0.25648628613787994,0.20211731044349068,0.5194805194805194,0.4823529411764706,0.0
0.5982209043736101,0.5944492131616593,0.3246753246753247,0.6000000000000001,0.2222222222222222
0.7153446997776131,0.7338483547925608,0.5714285714285714,0.411764705882353,0.2037037037037037
0.3958487768717569,0.36062947067238904,0.7402597402597404,0.35294117647058826,0.0
0.44996293550778355,0.42592274678111586,0.5844155844155845,0.5529411764705883,0.0
0.7991104521868051,0.8341058655221746,0.20779220779220764,0.4823529411764706,0.2222222222222222
0.6293550778354337,0.6336480686695279,0.4545454545454546,0.1882352941176471,0.0
0.2438843587842847,0.19078683834048638,0.4415584415584415,0.588235294117647,0.0
0.7687175685693107,0.798683834048641,0.2857142857142856,0.5294117647058822,0.0
0.4440326167531504,0.41974248927038627,0.33766233766233755,0.37647058823529417,0.07407407407407407
0.48554484803558196,0.46855507868383395,0.4285714285714286,0.588235294117647,0.0
0.41882876204596,0.387238912732475,0.4025974025974026,0.4588235294117647,0.037037037037037035
0.2831727205337288,0.23244635193133045,0.48051948051948057,0.6588235294117646,0.24074074074074076
0.5618977020014826,0.5474105865522173,0.4285714285714286,0.25882352941176473,0.5185185185185186
0.27724240177909565,0.2276394849785408,0.46753246753246747,0.39999999999999997,0.27777777777777773
0.67531504818384,0.6861230329041487,0.46753246753246747,0.6000000000000001,0.09259259259259259
0.6849518161601187,0.6955650929899856,0.4025974025974026,0.4588235294117647,0.3333333333333333
0.5819125277983693,0.5735622317596566,0.37662337662337664,0.32941176470588235,0.16666666666666666
0.42105263157894746,0.3901573676680973,0.7402597402597404,0.7411764705882353,0.27777777777777773
0.35507783543365457,0.3129041487839771,0.18181818181818166,0.5764705882352941,0.2037037037037037
0.7049666419570053,0.7190844062947067,0.5714285714285714,0.6588235294117646,0.3518518518518518
0.3661971830985916,0.32806866952789693,0.5584415584415583,0.4470588235294118,0.05555555555555555
0.44106745737583397,0.41573676680972815,0.5194805194805194,0.6470588235294117,0.09259259259259259
0.42698295033358047,0.39708154506437765,0.4545454545454546,0.776470588235294,0.0
0.48480355819125287,0.45173104434906997,0.49350649350649345,0.6352941176470588,0.09259259259259259
0.2038547071905115,0.14844062947067238,0.6883116883116884,0.5529411764705883,0.0
0.3661971830985916,0.3279542203147353,0.5324675324675325,0.5529411764705883,0.0
0.7160859896219423,0.7351072961373389,0.5324675324675325,0.4470588235294118,0.46296296296296297
0.4988880652335064,0.48492131616595135,0.5714285714285714,0.611764705882353,0.0
0.553002223869533,0.5368240343347638,0.46753246753246747,0.5647058823529412,0.24074074074074076
0.2357301704966642,0.18031473533619446,0.46753246753246747,0.588235294117647,0.0
0.3965900667160861,0.36103004291845486,0.7142857142857142,0.5411764705882354,0.0
0.5945144551519645,0.5896423462088699,0.7402597402597404,0.4352941176470589,0.48148148148148145
0.7916975537435138,0.8260371959942775,0.7012987012987011,0.5176470588235293,0.09259259259259259
0.4551519644180875,0.4318741058655221,0.4155844155844155,0.6705882352941175,0.1111111111111111
0.6982950333580431,0.7109012875536481,0.5974025974025972,0.8235294117647058,0.0
0.45589325426241656,0.43353361945636626,0.6233766233766234,0.7176470588235293,0.0
0.3973313565604152,0.3619456366237481,0.36363636363636354,0.7176470588235293,0.27777777777777773
0.5833951074870275,0.5758512160228898,0.46753246753246747,0.4352941176470589,0.07407407407407407
0.3750926612305412,0.338140200286123,0.36363636363636354,0.4705882352941177,0.1111111111111111
0.2646404744255004,0.21007153075822604,0.37662337662337664,0.5176470588235293,0.18518518518518517
0.5322461082283174,0.5124463519313304,0.2727272727272727,0.5647058823529412,0.24074074074074076
0.7353595255744998,0.7554792560801143,0.24675324675324672,0.4235294117647059,0.07407407407407407
0.5211267605633804,0.5110157367668097,0.5064935064935063,0.6470588235294117,0.24074074074074076
0.6093402520385471,0.6084692417739629,0.805194805194805,0.4823529411764706,0.2037037037037037
0.4899925871015568,0.4743919885550786,0.46753246753246747,0.5529411764705883,0.48148148148148145
0.4840622683469237,0.46741058655221746,0.6753246753246753,0.588235294117647,0.14814814814814814
0.6567828020756117,0.6662660944206008,0.5324675324675325,0.4470588235294118,0.6296296296296295
0.352112676056338,0.3097567954220314,0.5324675324675325,0.5647058823529412,0.037037037037037035
0.6567828020756117,0.6663233190271817,0.37662337662337664,0.6941176470588235,0.3888888888888889
0.3320978502594515,0.2890987124463519,0.5844155844155845,0.8,0.25925925925925924
0.5196441808747221,0.509241773962804,0.7272727272727273,0.5411764705882354,0.0
0.4329132690882136,0.40452074391988546,0.4025974025974026,0.411764705882353,0.07407407407407407
0.5003706449221647,0.47513590844062936,0.7272727272727273,0.28235294117647064,0.037037037037037035
0.6071163825055598,0.6054363376251789,0.4285714285714286,0.588235294117647,0.24074074074074076
0.4907338769458859,0.4614592274678112,0.3896103896103895,0.5411764705882354,0.0
0.6782802075611565,0.689442060085837,0.2857142857142856,0.5529411764705883,0.16666666666666666
0.3958487768717569,0.3606866952789699,0.36363636363636354,0.6941176470588235,0.0
0.563380281690141,0.5511301859799712,0.8441558441558443,0.6235294117647059,0.037037037037037035
0.4818383988139364,0.46397711015736764,0.5064935064935063,0.6823529411764706,0.2222222222222222
0.5337286879169756,0.5151931330472103,0.5454545454545456,0.4823529411764706,0.0
0.5804299481097109,0.5713876967095851,0.4545454545454546,0.8,0.3518518518518518
0.5063009636767977,0.48331902718168807,0.5714285714285714,0.5058823529411764,0.3148148148148148
0.4173461823573017,0.3846638054363375,0.48051948051948057,0.588235294117647,0.0
0.7531504818383988,0.7767668097281831,0.5064935064935063,0.5529411764705883,0.24074074074074076
0.6397331356560416,0.6456652360515022,0.5064935064935063,0.611764705882353,0.0
0.32171979243884363,0.2774248927038627,0.7792207792207793,0.8352941176470587,0.037037037037037035
0.5100074128984433,0.49842632331902725,0.4415584415584415,0.6941176470588235,0.05555555555555555
0.7894736842105263,0.8236337625178826,0.5454545454545456,0.27058823529411763,0.16666666666666666
0.7264640474425501,0.7459799713876968,0.5454545454545456,0.29411764705882354,0.0
0.31875463306152707,0.274277539341917,0.36363636363636354,0.6235294117647059,0.0
0.47961452928094883,0.4611731044349069,0.4025974025974026,0.6352941176470588,0.0
0.45144551519644194,0.42723891273247483,0.6493506493506491,0.6000000000000001,0.0
0.6604892512972572,0.669527896995708,0.49350649350649345,0.411764705882353,0.2222222222222222
0.32765011119347665,0.2827467811158797,0.37662337662337664,0.5411764705882354,0.27777777777777773
0.5151964418087472,0.504892703862661,0.5974025974025972,0.611764705882353,0.05555555555555555
0.8339510748702745,0.88,0.5714285714285714,0.5411764705882354,0.0
0.5455893254262417,0.5343633762517882,0.805194805194805,0.4352941176470589,0.0
0.4255003706449222,0.395307582260372,0.5974025974025972,0.7176470588235293,0.27777777777777773
0.4173461823573017,0.38517882689556504,0.37662337662337664,0.32941176470588235,0.0
0.4662713120830245,0.44457796852646625,0.3246753246753247,0.37647058823529417,0.0
0.5759822090437362,0.5640057224606579,0.37662337662337664,0.5764705882352941,0.25925925925925924
0.42031134173461837,0.38832618025751076,0.33766233766233755,0.611764705882353,0.2037037037037037
0.496664195700519,0.4828040057224606,0.6103896103896103,0.6470588235294117,0.0
0.4173461823573017,0.38546494992846925,0.7792207792207793,0.4588235294117647,0.0
0.3676797627872499,0.3297854077253217,0.6883116883116884,0.7058823529411764,0.4259259259259259
0.7168272794662714,0.7356223175965665,0.33766233766233755,0.32941176470588235,0.25925925925925924
0.686434395848777,0.7452932761087266,0.7142857142857142,0.6823529411764706,0.018518518518518517
0.6449221645663455,0.6509871244635194,0.36363636363636354,0.31764705882352945,0.3333333333333333
0.38621200889547813,0.35187410586552215,0.46753246753246747,0.6470588235294117,0.0
0.6553002223869534,0.6644349070100143,0.6363636363636365,0.5647058823529412,0.5185185185185186
0.3261675315048185,0.2820600858369099,0.4285714285714286,0.6823529411764706,0.0
0.42105263157894746,0.389585121602289,0.7402597402597404,0.5764705882352941,0.0
0.31430689399555234,0.2704434907010015,0.48051948051948057,0.588235294117647,0.4074074074074074
0.4536693847294293,0.4304434907010013,0.5844155844155845,0.4941176470588235,0.2037037037037037
0.43661971830985913,0.40881258941344767,0.4155844155844155,0.7176470588235293,0.0
0.44180874722016317,0.4169957081545064,0.6363636363636365,0.4941176470588235,0.12962962962962962
0.680504077094144,0.6909871244635192,0.4415584415584415,0.4470588235294118,0.0
0.4551519644180875,0.4317596566523605,0.6233766233766234,0.588235294117647,0.2037037037037037
0.4959229058561898,0.4680400572246066,0.6103896103896103,0.4235294117647059,0.09259259259259259
0.7961452928094885,0.8313590844062947,0.7402597402597404,0.5176470588235293,0.3148148148148148
0.4032616753150482,0.37035765379113006,0.33766233766233755,0.6352941176470588,0.0
0.7005189028910305,0.7134763948497854,0.36363636363636354,0.38823529411764707,0.3518518518518518
0.3891771682727948,0.35462088698140193,0.4545454545454546,0.6235294117647059,0.0
0.5470719051149,0.5288698140200286,0.4155844155844155,0.5058823529411764,0.09259259259259259
0.5240919199406968,0.513590844062947,0.3896103896103895,0.7058823529411764,0.0
0.374351371386212,0.33762517882689547,0.2597402597402596,0.8470588235294116,0.018518518518518517
0.39807264640474427,0.3632618025751073,0.5324675324675325,0.36470588235294116,0.0
0.5040770941438103,0.47988555078683837,0.16883116883116878,0.4470588235294118,0.37037037037037035
0.6441808747220165,0.649728183118741,0.5974025974025972,0.5529411764705883,0.0
0.4166048925129726,0.38432045779685253,0.8441558441558443,0.37647058823529417,0.037037037037037035
0.6041512231282432,0.6020600858369097,0.49350649350649345,0.4941176470588235,0.2962962962962963
0.6241660489251298,0.628211731044349,0.48051948051948057,0.27058823529411763,0.3148148148148148
0.32097850259451444,0.2768526466380542,0.5584415584415583,0.38823529411764707,0.0
0.424759080800593,0.3941058655221745,0.7272727272727273,0.5764705882352941,0.0
0.48480355819125287,0.46752503576537907,0.5324675324675325,0.5294117647058822,0.037037037037037035
0.558191252779837,0.5468383404864091,0.48051948051948057,0.4941176470588235,0.12962962962962962
0.6071163825055598,0.6058369098712445,0.5194805194805194,0.5411764705882354,0.2962962962962963
0.535952557449963,0.5182260371959942,0.49350649350649345,0.39999999999999997,0.07407407407407407
0.7272053372868792,0.7469527896995708,0.3246753246753247,0.411764705882353,0.5555555555555556
0.3083765752409192,0.2658082975679542,0.5714285714285714,0.5294117647058822,0.05555555555555555
0.6360266864343959,0.6414878397711016,0.5324675324675325,0.4470588235294118,0.18518518518518517
0.6730911786508526,0.683719599427754,0.5584415584415583,0.411764705882353,0.2222222222222222
0.6538176426982951,0.6634048640915594,0.46753246753246747,0.23529411764705882,0.018518518518518517
0.48480355819125287,0.4521316165951359,0.5974025974025972,0.32941176470588235,0.0
0.42031134173461837,0.3887839771101572,0.33766233766233755,0.5294117647058822,0.0
0.5374351371386213,0.5257224606580829,0.6103896103896103,0.5176470588235293,0.0
0.39807264640474427,0.3625751072961373,0.22077922077922074,0.6823529411764706,0.0
0.4040029651593774,0.3712732474964233,0.4415584415584415,0.6705882352941175,0.0
0.619718309859155,0.6226609442060086,0.2727272727272727,0.4705882352941177,0.2222222222222222
0.23350630096367683,0.1768240343347639,0.6103896103896103,0.5647058823529412,0.0
0.6567828020756117,0.6654649499284692,0.33766233766233755,0.37647058823529417,0.37037037037037035
0.4885100074128985,0.4721030042918454,0.37662337662337664,0.7294117647058822,0.0
0.5203854707190513,0.509585121602289,0.5064935064935063,0.588235294117647,0.0
0.6456634544106746,0.6527038626609442,0.35064935064935066,0.6000000000000001,0.0
0.742031134173462,0.7661802575107296,0.19480519480519476,0.27058823529411763,0.5925925925925926
0.664195700518903,0.6747925608011446,0.2857142857142856,0.4352941176470589,0.2962962962962963
0.3825055596738325,0.34729613733905573,0.5454545454545456,0.7647058823529411,0.0
0.7205337286879171,0.7392846924177395,0.5714285714285714,0.07058823529411767,0.48148148148148145
0.40548554484803556,0.3733333333333333,0.4415584415584415,0.6941176470588235,0.018518518518518517
0.3580429948109711,0.31656652360515025,0.5974025974025972,0.411764705882353,0.1111111111111111
0.5166790214974055,0.5068383404864091,0.5844155844155845,0.6470588235294117,0.0
0.47961452928094883,0.4462374821173104,0.49350649350649345,0.38823529411764707,0.49999999999999994
0.49147516679021497,0.47547925608011443,0.7012987012987011,0.4588235294117647,0.037037037037037035
0.3380281690140845,0.2951072961373391,0.753246753246753,0.8470588235294116,0.0
0.7783543365455895,0.8104721030042917,0.7012987012987011,0.588235294117647,0.2037037037037037
0.3617494440326168,0.3220600858369098,0.5974025974025972,0.5411764705882354,0.18518518518518517
0.6123054114158637,0.6130472103004291,0.4155844155844155,0.611764705882353,0.2037037037037037
0.4662713120830245,0.4455507868383405,0.49350649350649345,0.7647058823529411,0.2037037037037037
0.5937731653076355,0.5895851216022888,0.3896103896103895,0.411764705882353,0.1111111111111111
0.5151964418087472,0.5046065808297567,0.49350649350649345,0.6941176470588235,0.48148148148148145
0.530763528539659,0.5185121602288983,0.3896103896103895,0.5176470588235293,0.2037037037037037
0.5930318754633063,0.5882117310443492,0.4545454545454546,0.4235294117647059,0.05555555555555555
0.6486286137879913,0.6569957081545063,0.4025974025974026,0.30588235294117644,0.3333333333333333
0.44180874722016317,0.41642346208869807,0.5194805194805194,0.8235294117647058,0.0
0.4759080800593033,0.44303290414878393,0.5194805194805194,0.5294117647058822,0.1111111111111111
0.5796886582653817,0.5705865522174535,0.35064935064935066,0.4235294117647059,0.2037037037037037
0.507783543365456,0.4957367668097281,0.5584415584415583,0.5764705882352941,0.0
0.553002223869533,0.5361945636623747,0.5324675324675325,0.6235294117647059,0.3518518518518518
0.6634544106745739,0.672904148783977,0.5454545454545456,0.5176470588235293,0.0
0.6382505559673833,0.6438340486409156,0.49350649350649345,0.35294117647058826,0.16666666666666666
0.47071905114899937,0.4508726752503577,0.5974025974025972,0.611764705882353,0.18518518518518517
0.6078576723498889,0.6059513590844062,0.36363636363636354,0.5176470588235293,0.05555555555555555
0.6886582653817643,0.7012875536480686,0.5194805194805194,0.5176470588235293,0.09259259259259259
0.5922905856189771,0.5875250357653791,0.37662337662337664,0.4352941176470589,0.18518518518518517
0.3669384729429207,0.32921316165951353,0.4025974025974026,0.6235294117647059,0.4074074074074074
0.6782802075611565,0.6889842632331903,0.33766233766233755,0.4470588235294118,0.1111111111111111
0.4633061527057081,0.44097281831187407,0.4285714285714286,0.6000000000000001,0.0
0.4759080800593033,0.4562517882689556,0.48051948051948057,0.4470588235294118,0.0
0.5700518902891032,0.5571387696709585,0.4285714285714286,0.4705882352941177,0.3333333333333333
0.5893254262416606,0.5839771101573678,0.6753246753246753,0.34117647058823525,0.574074074074074
0.3246849518161601,0.2812017167381974,0.6883116883116884,0.6470588235294117,0.0
0.7079318013343218,0.7238340486409155,0.6623376623376622,0.5647058823529412,0.27777777777777773
0.2683469236471461,0.2147067238912732,0.5064935064935063,0.36470588235294116,0.0
0.3580429948109711,0.31628040057224605,0.4155844155844155,0.38823529411764707,0.1111111111111111
0.502594514455152,0.47919885550786834,0.6883116883116884,0.5058823529411764,0.4444444444444444
0.4766493699036324,0.45791130185979967,0.36363636363636354,0.6470588235294117,0.037037037037037035
0.4388435878428466,0.41190271816881263,0.7662337662337662,0.5411764705882354,0.16666666666666666
0.4810971089696071,0.463175965665236,0.46753246753246747,0.7294117647058822,0.0
0.39807264640474427,0.36263233190271815,0.4285714285714286,0.5529411764705883,0.0
0.5448480355819126,0.5330472103004292,0.5974025974025972,0.4470588235294118,0.0
0.4032616753150482,0.37052932761087254,0.5064935064935063,0.6470588235294117,0.1111111111111111
0.3528539659006672,0.3103290414878398,0.6363636363636365,0.6235294117647059,0.0
0.5841363973313566,0.5775679542203146,0.46753246753246747,0.1882352941176471,0.537037037037037
0.4595997034840623,0.43725321888412005,0.5324675324675325,0.5058823529411764,0.16666666666666666
0.44922164566345446,0.3978826895565092,0.31168831168831157,0.4588235294117647,0.24074074074074076
0.48554484803558196,0.4521316165951359,0.33766233766233755,0.5411764705882354,0.12962962962962962
0.3387694588584137,0.2966523605150214,0.37662337662337664,0.6352941176470588,0.16666666666666666
0.5322461082283174,0.5128469241773962,0.2597402597402596,0.34117647058823525,0.18518518518518517
0.28984432913269087,0.24280400572246064,0.6103896103896103,0.7294117647058822,0.0
0.33580429948109713,0.2935622317596567,0.6233766233766234,0.6470588235294117,0.07407407407407407
0.7361008154188289,0.7561659513590845,0.5454545454545456,0.5411764705882354,0.24074074074074076
0.6212008895478133,0.6240915593705293,0.4415584415584415,0.35294117647058826,0.3518518518518518
0.536693847294292,0.5190844062947068,0.36363636363636354,0.4941176470588235,0.1111111111111111
0.5292809488510007,0.5090128755364808,0.36363636363636354,0.4470588235294118,0.18518518518518517
0.6352853965900668,0.631587982832618,0.5324675324675325,0.588235294117647,0.0
0.6441808747220165,0.6502432045779684,0.49350649350649345,0.5647058823529412,0.05555555555555555
0.4255003706449222,0.39565092989985695,0.4545454545454546,0.6588235294117646,0.0
0.7516679021497407,0.7755650929899857,0.3896103896103895,0.4705882352941177,0.27777777777777773
0.4469977761304671,0.4222603719599428,0.5064935064935063,0.31764705882352945,0.0
0.5982209043736101,0.5946208869814019,0.4025974025974026,0.7176470588235293,0.2962962962962963
0.42105263157894746,0.3901573676680973,0.3246753246753247,0.5647058823529412,0.2222222222222222
0.5248332097850259,0.5139341917024319,0.6103896103896103,0.5058823529411764,0.2222222222222222
0.630096367679763,0.6346781115879828,0.46753246753246747,0.6235294117647059,0.2962962962962963
0.5915492957746479,0.5867811158798283,0.37662337662337664,0.4235294117647059,0.3518518518518518
0.6182357301704968,0.6199713876967096,0.2857142857142856,0.5176470588235293,0.7962962962962963
0.4114158636026687,0.37957081545064375,0.5064935064935063,0.4352941176470589,0.2037037037037037
0.42772424017790966,0.3979971387696709,0.6233766233766234,0.611764705882353,0.0
0.6982950333580431,0.710844062947067,0.5194805194805194,0.4588235294117647,0.3148148148148148
0.7353595255744998,0.7559942775393419,0.37662337662337664,0.4588235294117647,0.18518518518518517
0.6426982950333582,0.6480686695278969,0.3896103896103895,0.5764705882352941,0.2037037037037037
0.659006671608599,0.6683261802575108,0.5194805194805194,0.6588235294117646,0.2962962962962963
0.5063009636767977,0.4948783977110157,0.6103896103896103,0.4705882352941177,0.2962962962962963
0.2876204595997035,0.2381115879828326,0.5324675324675325,0.39999999999999997,0.09259259259259259
0.7976278724981469,0.8321030042918455,0.4415584415584415,0.2,0.27777777777777773
0.49444032616753164,0.4791416309012876,0.49350649350649345,0.4941176470588235,0.0
0.5989621942179393,0.5954220314735336,0.4025974025974026,0.5058823529411764,0.12962962962962962
0.7057079318013344,0.7207439198855509,0.6103896103896103,0.4235294117647059,0.2962962962962963
0.3899184581171239,0.3550786838340486,0.5584415584415583,0.6470588235294117,0.07407407407407407
0.49221645663454416,0.47656652360515017,0.6493506493506491,0.7647058823529411,0.0
0.6575240919199408,0.6668955650929901,0.4545454545454546,0.38823529411764707,0.27777777777777773
0.24907338769458862,0.1974821173104434,0.6753246753246753,0.6941176470588235,0.07407407407407407
0.4314306893995552,0.40268955650929894,0.8441558441558443,0.8470588235294116,0.0
0.6871756856931062,0.6988841201716737,0.5974025974025972,0.25882352941176473,0.4259259259259259
0.26389918458117123,0.2098426323319027,0.35064935064935066,0.7882352941176469,0.0
0.49295774647887325,0.4772532188841201,0.6103896103896103,0.5529411764705883,0.07407407407407407
0.5270570793180134,0.515650929899857,0.49350649350649345,0.5176470588235293,0.09259259259259259
0.6619718309859156,0.6711874105865522,0.5324675324675325,0.5647058823529412,0.27777777777777773
0.6723498888065234,0.683032904148784,0.31168831168831157,0.4235294117647059,0.12962962962962962
0.6241660489251298,0.6279256080114449,0.4155844155844155,0.5764705882352941,0.37037037037037035
0.6656782802075613,0.6761659513590842,0.5584415584415583,0.5176470588235293,0.4074074074074074
0.6352853965900668,0.6402861230329041,0.5584415584415583,0.4705882352941177,0.3148148148148148
0.39881393624907346,0.36394849785407735,0.5064935064935063,0.6705882352941175,0.09259259259259259
0.4166048925129726,0.3839771101573677,0.5194805194805194,0.6000000000000001,0.0
0.37138621200889554,0.33339055793991423,0.5194805194805194,0.7882352941176469,0.05555555555555555
0.5196441808747221,0.5090701001430614,0.5584415584415583,0.6941176470588235,0.2037037037037037
0.37212750185322463,0.3345922746781115,0.5194805194805194,0.4235294117647059,0.0
0.5315048183839882,0.5118168812589413,0.4415584415584415,0.22352941176470592,0.09259259259259259
0.24759080800593034,0.19559370529327602,0.49350649350649345,0.7882352941176469,0.0
0.38547071905114905,0.35055793991416306,0.5974025974025972,0.5411764705882354,0.18518518518518517
0.7338769458858414,0.7548497854077253,0.1428571428571428,0.4705882352941177,0.14814814814814814
0.47071905114899937,0.45133047210300425,0.4025974025974026,0.5176470588235293,0.1111111111111111
0.6456634544106746,0.6519027181688125,0.5454545454545456,0.4823529411764706,0.4444444444444444
0.4981467753891772,0.48377682403433475,0.7792207792207793,0.5294117647058822,0.0
0.4974054855448481,0.4718168812589414,0.49350649350649345,0.4588235294117647,0.37037037037037035
0.6056338028169016,0.6045779685264664,0.48051948051948057,0.4941176470588235,0.16666666666666666
0.5789473684210527,0.5662947067238912,0.6363636363636365,0.6588235294117646,0.05555555555555555
0.6960711638250556,0.708555078683834,0.33766233766233755,0.5176470588235293,0.24074074074074076
0.27724240177909565,0.22689556509298991,0.4285714285714286,0.5647058823529412,0.0
0.4306893995552261,0.40251788268955646,0.5844155844155845,0.6588235294117646,0.12962962962962962
0.6071163825055598,0.605379113018598,0.4155844155844155,0.5647058823529412,0.3333333333333333
0.48702742772424024,0.4547067238912732,0.2727272727272727,0.4470588235294118,0.37037037037037035
0.5433654558932542,0.5260658082975679,0.31168831168831157,0.6235294117647059,0.05555555555555555
0.6123054114158637,0.6131044349070099,0.5584415584415583,0.6235294117647059,0.2037037037037037
0.46478873239436624,0.44314735336194555,0.7272727272727273,0.5411764705882354,0.0
0.613787991104522,0.6155078683834049,0.6493506493506491,0.2117647058823529,0.16666666666666666
0.7227575982209046,0.7420314735336194,0.5064935064935063,0.23529411764705882,0.2962962962962963
0.3595255744996294,0.31862660944206,0.48051948051948057,0.7411764705882353,0.0
0.5952557449962936,0.5910157367668097,0.5064935064935063,0.4588235294117647,0.3518518518518518
0.39214232765011126,0.35759656652360516,0.4285714285714286,0.411764705882353,0.0
0.6241660489251298,0.6281545064377682,0.4415584415584415,0.4941176470588235,0.018518518518518517
0.8680504077094144,0.9063233190271817,0.2987012987012987,0.611764705882353,0.4444444444444444
0.3543365455893255,0.31181688125894136,0.4415584415584415,0.5529411764705883,0.09259259259259259
0.6182357301704968,0.619799713876967,0.5064935064935063,0.611764705882353,0.07407407407407407
0.6449221645663455,0.6512160228898426,0.33766233766233755,0.4235294117647059,0.0
0.6612305411415865,0.6699856938483547,0.6233766233766234,0.4352941176470589,0.18518518518518517
0.3736100815418829,0.3367095851216022,0.4415584415584415,0.6000000000000001,0.2962962962962963
0.5656041512231283,0.5513018597997138,0.4415584415584415,0.4588235294117647,0.24074074074074076
0.42772424017790966,0.39879828326180244,0.6493506493506491,0.4823529411764706,0.0
0.7286879169755375,0.7490128755364808,0.33766233766233755,0.4823529411764706,0.3148148148148148
0.34173461823573026,0.2992846924177396,0.4025974025974026,0.588235294117647,0.0
0.5463306152705709,0.5348783977110155,0.4025974025974026,0.7058823529411764,0.09259259259259259
0.6048925129725723,0.6032045779685263,0.4155844155844155,0.5058823529411764,0.25925925925925924
0.7857672349888809,0.8192846924177396,0.4545454545454546,0.6941176470588235,0.3888888888888889
0.6708673091178652,0.6812017167381975,0.3246753246753247,0.39999999999999997,0.037037037037037035
0.5544848035581913,0.54483547925608,0.31168831168831157,0.776470588235294,0.018518518518518517
0.2038547071905115,0.1488412017167381,0.5064935064935063,0.36470588235294116,0.3333333333333333
0.4825796886582655,0.46500715307582263,0.37662337662337664,0.8,0.037037037037037035
0.4403261675315049,0.4139628040057224,0.7272727272727273,0.5529411764705883,0.27777777777777773
0.7627872498146776,0.7886695278969958,0.5454545454545456,0.39999999999999997,0.4259259259259259
0.44329132690882134,0.4188268955650929,0.5324675324675325,0.6823529411764706,0.0
0.33580429948109713,0.2932188841201716,0.37662337662337664,0.6235294117647059,0.0
0.3298739807264641,0.2848068669527897,0.7272727272727273,0.6705882352941175,0.16666666666666666
0.5048183839881394,0.4802861230329041,0.2727272727272727,0.588235294117647,0.12962962962962962
0.681245366938473,0.6924177396280399,0.4155844155844155,0.6588235294117646,0.2962962962962963
0.43661971830985913,0.40898426323319015,0.5194805194805194,0.37647058823529417,0.0
0.6701260192735361,0.6797711015736768,0.5064935064935063,0.5411764705882354,0.14814814814814814
0.48628613787991104,0.46958512160228894,0.5194805194805194,0.5058823529411764,0.0
0.619718309859155,0.6225464949928469,0.2597402597402596,0.4588235294117647,0.7592592592592593
0.7205337286879171,0.7389985693848354,0.37662337662337664,0.4588235294117647,0.2037037037037037
0.7835433654558934,0.8163090128755365,0.19480519480519476,0.38823529411764707,0.2222222222222222
0.27353595255745,0.2228898426323318,0.36363636363636354,0.6352941176470588,0.27777777777777773
0.6893995552260935,0.7014592274678112,0.35064935064935066,0.28235294117647064,0.2037037037037037
0.5070422535211269,0.4841773962804006,0.37662337662337664,0.28235294117647064,0.18518518518518517
0.5166790214974055,0.5054649499284692,0.5974025974025972,0.6470588235294117,0.3148148148148148
0.5552260934025204,0.5399713876967095,0.5064935064935063,0.4941176470588235,0.16666666666666666
0.45589325426241656,0.41184549356223166,0.4285714285714286,0.5058823529411764,0.4074074074074074
0.2891030392883618,0.2408583690987124,0.7662337662337662,0.588235294117647,0.3518518518518518
0.5092661230541142,0.4970529327610873,0.5844155844155845,0.5294117647058822,0.2222222222222222
0.4232765011119348,0.39250357653791124,0.5584415584415583,0.7176470588235293,0.24074074074074076
0.5100074128984433,0.4981974248927038,0.7922077922077924,0.6000000000000001,0.0
0.3306152705707932,0.28583690987124466,0.6363636363636365,0.411764705882353,0.0
0.39955522609340255,0.3655507868383404,0.4025974025974026,0.4941176470588235,0.09259259259259259
0.5263157894736843,0.5146208869814018,0.5844155844155845,0.5294117647058822,0.24074074074074076
0.5908080059303188,0.5854077253218885,0.4285714285714286,0.25882352941176473,0.49999999999999994
0.5040770941438103,0.49064377682403426,0.5454545454545456,0.4352941176470589,0.0
0.6256486286137881,0.6294134477825465,0.3896103896103895,0.6588235294117646,0.25925925925925924
0.6123054114158637,0.6131616595135908,0.4415584415584415,0.4705882352941177,0.0
0.3973313565604152,0.3617167381974249,0.37662337662337664,0.6823529411764706,0.1111111111111111
0.45885841363973323,0.4198569384835479,0.5194805194805194,0.4823529411764706,0.27777777777777773
0.3172720533728688,0.2730185979971387,0.5454545454545456,0.7882352941176469,0.0
0.7390659747961453,0.7603433476394849,0.6233766233766234,0.38823529411764707,0.4259259259259259
0.6189770200148259,0.6218025751072961,0.3896103896103895,0.7294117647058822,0.14814814814814814
0.6160118606375093,0.6174535050071531,0.6103896103896103,0.1294117647058824,0.49999999999999994
0.45144551519644194,0.42792560801144486,0.2987012987012987,0.6588235294117646,0.2962962962962963
0.6567828020756117,0.6663805436337625,0.5454545454545456,0.5411764705882354,0.18518518518518517
0.46404744255003716,0.44183118741058647,0.49350649350649345,0.6470588235294117,0.0
0.7116382505559675,0.7275536480686696,0.20779220779220764,0.5294117647058822,0.5555555555555556
0.7131208302446258,0.7303004291845493,0.6493506493506491,0.6352941176470588,0.12962962962962962
0.48628613787991104,0.4531616595135908,0.33766233766233755,0.6588235294117646,0.2037037037037037
0.5989621942179393,0.5950214592274677,0.3246753246753247,0.5647058823529412,0.037037037037037035
0.5441067457375836,0.5264663805436337,0.5974025974025972,0.38823529411764707,0.3518518518518518
0.7234988880652337,0.7427753934191702,0.5064935064935063,0.37647058823529417,0.3333333333333333
0.5100074128984433,0.49842632331902725,0.5714285714285714,0.9411764705882353,0.2962962962962963
0.4595997034840623,0.43725321888412005,0.4155844155844155,0.5294117647058822,0.07407407407407407
0.4766493699036324,0.45791130185979967,0.6363636363636365,0.5058823529411764,0.24074074074074076
0.7679762787249816,0.7958798283261802,0.48051948051948057,0.4588235294117647,0.12962962962962962
0.3736100815418829,0.3365379113018597,0.5324675324675325,0.6941176470588235,0.0
0.38472942920681996,0.35015736766809713,0.6363636363636365,0.4941176470588235,0.18518518518518517
0.6827279466271313,0.6936194563662373,0.6493506493506491,0.5176470588235293,0.25925925925925924
0.3150481838398814,0.27107296137339054,0.4155844155844155,0.8,0.037037037037037035
0.5900667160859897,0.5846638054363377,0.3896103896103895,0.5529411764705883,0.16666666666666666
0.35581912527798376,0.31296137339055785,0.6493506493506491,0.4235294117647059,0.24074074074074076
0.7101556708673091,0.7257224606580831,0.48051948051948057,0.37647058823529417,0.25925925925925924
0.31282431430689395,0.2691273247496423,0.7012987012987011,0.6352941176470588,0.09259259259259259
0.3446997776130467,0.30220314735336185,0.6753246753246753,0.5764705882352941,0.0
0.301704966641957,0.25871244635193125,0.7792207792207793,0.5058823529411764,0.14814814814814814
0.5441067457375836,0.5319027181688126,0.5324675324675325,0.4705882352941177,0.0
0.4810971089696071,0.46283261802575093,0.4415584415584415,0.6470588235294117,0.16666666666666666
0.5552260934025204,0.5454649499284693,0.35064935064935066,0.4588235294117647,0.0
0.6338028169014085,0.6383977110157367,0.3896103896103895,0.4941176470588235,0.16666666666666666
0.3602668643439585,0.31999999999999995,0.4155844155844155,0.5294117647058822,0.0
0.5003706449221647,0.4875536480686695,0.5324675324675325,0.7647058823529411,0.0
0.6693847294292069,0.6791416309012875,0.35064935064935066,0.7294117647058822,0.2037037037037037
0.731653076352854,0.7527324749642347,0.3896103896103895,0.37647058823529417,0.3888888888888889
